0
0
0
0
0
0
0
0
0
0
0
0
0
-1
-1
-1
0
0
0
0
0
0
-1
0
-1
-1
-1
0
0
0
-1
0
0
-1
-1
0
-1
0
0
0
0
-1
-1
0
0
-1
0
0
-1
0
0
-1
0
0
-1
0
-1
0
0
0
-1
-1
-1
-1
0
0
0
0
-1
-2
-1
-1
0
0
0
0
-1
0
-1
0
-2
-1
-1
-1
1
0
1
-1
0
-3
0
-1
-3
1
0
-1
-1
0
0
0
-2
-2
0
-2
0
0
-1
-1
0
0
0
0
-2
-1
-1
-4
3
-1
0
3
1
-2
0
2
0
0
-3
-2
-3
1
5
2
-3
-2
0
-2
-1
-3
-3
0
2
1
3
0
0
0
-1
-6
-2
2
-2
5
3
-2
-4
0
-2
-2
-1
-7
1
0
1
4
-3
0
1
-2
-5
0
0
4
6
2
0
1
1
3
0
-7
0
-2
-1
-2
-3
0
3
4
0
-2
-6
-5
2
1
2
1
-3
0
-3
0
-3
1
-5
0
2
0
3
4
9
-1
-7
-11
-7
0
9
7
0
-2
5
5
4
0
-4
0
-2
1
0
3
0
0
-2
-4
-5
5
5
3
0
-11
-11
2
12
13
3
-9
-6
-10
-2
-4
0
-5
21
8
18
-5
-30
-110
-364
-490
-617
-652
-760
-946
-1034
-1278
-1521
-1709
-1960
-2092
-2256
-2434
-2295
-2070
-1839
-1584
-1303
-1072
-788
-578
-492
-301
-169
45
384
729
995
1181
1271
1237
1123
957
751
608
467
286
167
71
248
467
538
650
580
482
449
294
167
20
-91
-121
-59
59
180
463
664
697
649
496
402
425
515
655
808
990
1270
1639
1902
2133
2252
2133
1981
1824
1706
1684
1609
1426
1276
965
735
619
458
405
333
250
190
265
292
223
-5
-334
-653
-954
-1077
-1189
-1178
-1121
-1137
-1103
-1116
-1136
-1042
-931
-751
-509
-294
49
468
863
1120
1168
1063
981
978
996
1020
897
696
552
489
525
593
601
642
717
685
644
541
370
220
33
-125
-199
-125
-18
150
362
392
397
303
219
307
378
594
973
1334
1703
2088
2353
2468
2486
2347
2107
1933
1800
1647
1445
1142
830
508
129
-188
-524
-888
-1087
-1263
-1409
-1621
-1996
-2340
-2688
-3062
-3402
-3648
-3825
-3888
-3806
-3693
-3593
-3555
-3623
-3631
-3549
-3422
-3196
-2954
-2638
-2269
-1944
-1636
-1359
-1104
-932
-790
-659
-542
-428
-417
-362
-309
-252
-70
37
174
406
548
692
791
779
797
789
791
880
966
1092
1249
1322
1348
1275
1058
858
725
729
814
890
1040
1254
1490
1690
1774
1744
1612
1467
1393
1294
1209
1077
938
825
596
401
232
104
59
-47
-118
-125
-169
-221
-417
-786
-1125
-1436
-1724
-1905
-2053
-2201
-2251
-2293
-2292
-2276
-2343
-2336
-2326
-2336
-2273
-2115
-1810
-1388
-1064
-893
-728
-509
-169
172
405
572
749
950
1218
1547
1813
2038
2193
2312
2443
2586
2708
2806
2841
2668
2459
2291
2153
2163
2130
1946
1815
1561
1299
1156
818
481
178
-102
-162
-71
133
441
706
880
1014
1080
1105
1152
1101
910
777
654
645
661
505
350
143
15
-7
-20
-60
-193
-353
-563
-830
-1184
-1624
-2035
-2391
-2634
-2737
-2800
-2828
-2834
-2854
-2873
-2846
-2806
-2726
-2579
-2367
-2044
-1670
-1241
-888
-654
-423
-265
-56
184
361
586
757
831
889
934
1031
1141
1202
1263
1279
1341
1441
1439
1304
983
659
424
352
394
373
367
280
127
-28
-214
-456
-710
-908
-1040
-939
-655
-301
83
268
263
246
291
424
539
551
505
488
498
543
527
385
253
70
-41
67
187
286
336
210
-10
-212
-383
-451
-465
-568
-707
-783
-770
-684
-602
-668
-791
-842
-768
-482
-178
-4
99
102
112
224
328
413
451
415
441
554
713
891
969
872
776
830
1014
1293
1531
1577
1497
1396
1250
1151
1070
940
853
799
785
856
922
841
630
329
7
-221
-299
-265
-184
-65
71
259
455
614
694
673
666
651
700
831
978
1077
1043
1003
981
999
1088
1062
966
891
809
815
779
567
259
-146
-506
-695
-864
-1064
-1298
-1551
-1724
-1829
-1906
-2022
-2190
-2350
-2452
-2399
-2249
-2064
-1840
-1734
-1713
-1641
-1552
-1392
-1223
-1213
-1264
-1268
-1195
-926
-593
-436
-332
-255
-101
252
540
718
723
557
468
429
437
492
490
427
352
277
252
340
356
210
-22
-281
-307
-55
281
538
646
724
827
1015
1229
1350
1420
1424
1431
1508
1625
1749
1758
1632
1420
1182
1055
1064
1110
1059
872
611
365
212
39
-240
-561
-862
-1056
-1127
-1176
-1263
-1431
-1657
-1851
-1968
-2001
-1983
-1910
-1824
-1773
-1762
-1760
-1708
-1709
-1752
-1766
-1759
-1659
-1463
-1260
-1114
-1055
-1055
-1032
-944
-840
-764
-715
-660
-522
-384
-329
-268
-240
-240
-230
-159
38
230
370
430
411
420
386
370
431
498
679
954
1293
1685
1961
2118
2189
2159
2087
1995
1913
1896
1885
1788
1703
1632
1532
1497
1378
1171
1030
895
826
780
627
383
73
-176
-364
-541
-716
-915
-1075
-1213
-1397
-1599
-1747
-1868
-1965
-2072
-2212
-2242
-2171
-2065
-1963
-1981
-2073
-2194
-2275
-2219
-2147
-2084
-1997
-1949
-1832
-1663
-1486
-1251
-1047
-896
-775
-636
-396
-89
201
342
344
373
501
752
1041
1264
1421
1566
1725
1887
2032
2043
1942
1856
1814
1869
1987
2130
2343
2543
2615
2624
2665
2703
2687
2594
2398
2182
2065
2003
1999
1973
1778
1544
1384
1333
1320
1206
1045
866
698
574
456
335
211
22
-245
-410
-454
-476
-525
-697
-893
-970
-959
-875
-744
-709
-776
-778
-703
-608
-547
-668
-883
-995
-1071
-1092
-1030
-1019
-1074
-1186
-1302
-1331
-1283
-1249
-1309
-1417
-1539
-1645
-1688
-1679
-1682
-1772
-1910
-1980
-1870
-1578
-1279
-1109
-1053
-1065
-1060
-963
-807
-690
-641
-604
-427
-33
421
763
932
946
885
850
923
1021
1092
1076
957
931
1045
1113
1061
895
653
469
359
331
408
437
316
136
-1
-71
-59
-35
-43
-58
-127
-195
-132
24
74
-19
-178
-276
-154
64
227
328
319
232
140
45
-19
-151
-400
-578
-693
-750
-767
-810
-789
-778
-900
-968
-928
-935
-952
-1027
-1153
-1151
-1099
-1094
-994
-833
-731
-616
-523
-460
-413
-470
-553
-580
-587
-567
-473
-282
-11
186
258
378
556
648
600
498
514
674
818
940
1035
1068
1140
1264
1389
1462
1405
1294
1287
1388
1496
1553
1569
1587
1606
1605
1608
1697
1788
1741
1631
1530
1471
1486
1502
1425
1265
1029
805
732
728
619
424
231
87
7
-84
-218
-355
-543
-817
-1036
-1085
-1033
-992
-1023
-1136
-1278
-1418
-1532
-1589
-1657
-1807
-1968
-1986
-1801
-1606
-1519
-1479
-1441
-1417
-1422
-1419
-1372
-1289
-1246
-1222
-1134
-981
-759
-522
-306
-118
-19
15
137
342
487
545
530
540
691
896
1026
1162
1256
1200
1113
1057
1042
1050
1014
889
741
636
566
451
255
92
-6
-90
-143
-122
-66
-45
-90
-200
-312
-411
-511
-556
-497
-395
-328
-331
-342
-334
-367
-448
-545
-612
-589
-497
-404
-236
-44
62
96
52
28
50
45
35
30
11
-25
-52
-42
-44
-100
-188
-288
-329
-306
-315
-324
-279
-206
-126
-29
121
382
689
944
1099
1195
1352
1492
1499
1399
1334
1366
1359
1302
1362
1501
1565
1550
1538
1563
1554
1494
1434
1431
1462
1349
1138
1054
1054
993
839
648
566
568
502
418
414
408
252
-26
-202
-228
-282
-429
-520
-460
-383
-478
-650
-754
-848
-1039
-1272
-1366
-1318
-1227
-1175
-1141
-1097
-1160
-1322
-1458
-1484
-1453
-1437
-1401
-1225
-928
-686
-560
-461
-348
-234
-189
-288
-369
-316
-248
-284
-359
-385
-413
-478
-502
-402
-236
-118
-90
-94
-13
45
-77
-267
-395
-463
-568
-679
-665
-543
-454
-509
-603
-555
-422
-360
-336
-195
47
178
125
81
142
191
163
100
80
72
5
-56
-48
-63
-262
-571
-718
-624
-495
-482
-558
-577
-512
-561
-693
-713
-638
-594
-616
-517
-145
254
351
234
196
237
127
-35
17
196
292
286
328
536
717
603
295
165
242
239
118
62
109
42
-259
-538
-578
-614
-808
-952
-837
-542
-381
-432
-334
1
177
72
32
251
522
641
647
721
838
764
589
578
677
627
397
295
474
655
591
443
445
526
495
448
596
780
739
567
622
937
1032
777
596
786
1065
1114
1066
1066
1040
873
686
706
863
816
584
554
793
985
847
505
263
68
-230
-529
-622
-573
-686
-889
-930
-815
-748
-857
-919
-811
-750
-821
-823
-621
-412
-458
-705
-856
-857
-875
-906
-859
-780
-809
-915
-912
-743
-631
-759
-939
-883
-639
-391
-135
170
349
244
100
192
385
361
120
6
184
404
448
533
771
941
928
906
1086
1330
1350
1159
1059
1060
898
612
441
411
291
-42
-296
-274
-212
-373
-679
-853
-861
-933
-1071
-1006
-781
-713
-807
-777
-542
-338
-312
-284
-112
78
166
271
439
514
342
17
-102
26
95
43
46
213
427
527
557
628
597
399
363
637
908
835
595
544
652
645
430
249
232
278
334
503
882
1217
1202
975
862
910
900
754
623
577
505
393
367
412
426
319
150
91
172
312
462
635
743
598
298
121
116
170
115
-106
-394
-619
-693
-662
-690
-917
-1190
-1292
-1138
-858
-650
-533
-504
-540
-615
-585
-371
-177
-201
-409
-437
-169
65
77
-22
-153
-343
-472
-364
-127
4
-127
-392
-538
-475
-362
-397
-424
-389
-370
-261
-34
221
309
133
-130
-194
-75
10
116
325
507
570
605
750
936
943
776
669
719
727
615
544
558
463
107
-254
-407
-454
-586
-809
-944
-969
-1039
-1140
-1118
-1086
-1245
-1515
-1508
-1065
-690
-814
-1112
-1050
-741
-659
-836
-1001
-1017
-977
-945
-726
-328
-84
-173
-328
-206
66
153
63
52
121
116
81
104
117
-50
-376
-571
-498
-322
-262
-247
-88
100
142
135
324
695
969
1068
1183
1411
1622
1784
1948
1926
1523
994
809
974
1114
915
439
85
-53
-58
-22
-103
-283
-489
-489
-144
313
449
134
-141
-39
194
289
348
506
718
900
1043
1183
1277
1241
1152
1199
1415
1591
1565
1454
1391
1383
1254
891
494
198
86
177
316
249
-60
-344
-465
-532
-730
-1111
-1442
-1365
-984
-688
-580
-657
-814
-827
-655
-443
-368
-432
-356
-27
302
421
294
31
-147
-153
-32
152
278
239
157
316
630
654
225
-280
-384
-171
30
55
-158
-483
-767
-853
-783
-822
-1083
-1334
-1234
-812
-363
-203
-245
-115
122
299
406
525
681
743
730
785
885
824
661
770
1122
1303
1213
1132
1286
1588
1738
1541
1131
699
381
391
619
694
447
48
-125
-63
-15
-216
-548
-652
-583
-441
-194
78
124
-167
-454
-319
119
181
-235
-434
-109
338
493
296
-56
-287
-340
-424
-585
-720
-875
-929
-777
-605
-654
-986
-1257
-1147
-890
-918
-1129
-1153
-1009
-918
-880
-813
-836
-946
-948
-723
-315
52
158
79
152
562
1039
1244
1158
941
849
1014
1368
1572
1263
741
556
701
753
511
204
92
169
303
453
522
307
-97
-268
28
464
407
-124
-458
-290
-31
-78
-212
-212
-206
-354
-503
-373
-187
-268
-480
-549
-498
-573
-747
-760
-540
-356
-393
-523
-590
-566
-524
-488
-449
-449
-501
-470
-116
360
340
-187
-577
-451
-61
262
548
728
691
630
763
984
870
358
-71
-99
70
90
-104
-368
-523
-550
-576
-667
-714
-664
-706
-791
-555
-176
-190
-465
-450
-174
-155
-357
-275
201
681
702
322
-64
-207
-61
196
245
-10
-307
-403
-243
88
240
-108
-710
-952
-788
-681
-709
-734
-802
-999
-1123
-873
-501
-454
-707
-758
-323
142
276
296
422
611
806
967
1107
1336
1648
1934
2157
2301
2171
1663
1171
1107
1279
1186
831
644
676
557
294
197
126
-199
-593
-681
-472
-260
-177
-135
-2
62
-158
-501
-670
-712
-807
-785
-459
4
158
11
62
265
307
171
92
236
472
633
579
426
391
333
188
177
290
188
-302
-792
-725
-239
14
-93
-200
-262
-334
-126
348
570
484
428
510
777
1158
1309
1021
634
609
875
967
820
893
1081
749
114
31
554
918
839
653
548
487
476
475
298
-101
-417
-472
-461
-378
-200
-265
-591
-776
-699
-685
-856
-919
-852
-859
-846
-601
-478
-980
-1463
-1048
-327
-299
-558
-338
52
58
-155
-267
-310
-307
-231
-176
-256
-312
-182
-154
-326
-244
97
116
-154
-100
274
455
310
11
-269
-362
-134
60
-276
-787
-650
67
356
86
43
312
380
254
419
750
816
741
762
858
890
798
575
176
-186
-215
-38
-51
-203
-177
-31
93
218
214
-155
-525
-464
-345
-589
-798
-505
-190
-547
-1280
-1599
-1484
-1421
-1411
-1314
-1263
-1235
-1054
-823
-735
-586
-267
-52
105
465
864
845
429
281
628
913
1034
1318
1550
1450
1312
1436
1478
1133
725
615
794
966
938
872
803
625
359
39
-166
-43
150
-58
-380
-229
147
180
-40
-32
88
-113
-498
-514
-69
377
684
790
482
128
304
737
560
-203
-616
-345
-17
-117
-375
-510
-677
-1044
-1513
-1775
-1605
-1208
-1152
-1421
-1196
-371
19
-364
-601
-199
314
446
317
199
231
481
804
788
265
-64
414
988
853
612
1036
1688
1840
1434
880
503
268
-84
-596
-889
-832
-936
-1536
-2124
-2035
-1574
-1548
-1867
-1780
-1161
-607
-471
-504
-528
-550
-349
98
267
-76
-243
123
430
476
648
1021
1275
1293
1273
1345
1501
1547
1278
828
671
953
1020
346
-480
-557
-104
-41
-482
-732
-682
-892
-1216
-1064
-766
-717
-619
-476
-557
-579
-285
-9
102
162
264
521
859
1058
1052
988
938
1010
1185
1114
916
1051
1210
877
533
775
997
564
19
-193
-450
-830
-912
-612
-205
-20
-216
-628
-984
-1179
-1183
-961
-697
-542
-337
-142
-181
-217
103
465
518
549
688
772
945
1163
945
463
495
948
1118
868
365
-213
-450
-406
-556
-662
-396
-207
-424
-779
-963
-809
-428
-345
-546
-484
-252
-250
-360
-369
-286
68
607
732
365
180
548
1053
1175
900
661
901
1333
1259
891
887
956
355
-450
-365
331
276
-879
-1778
-1376
-538
-476
-821
-685
-537
-1109
-1570
-965
-42
148
-339
-1033
-1390
-879
36
328
157
354
645
449
141
121
284
495
795
1162
1086
384
89
860
1412
765
155
318
60
-841
-1113
-656
-398
-374
-168
77
62
-109
-383
-1035
-1695
-1438
-499
-243
-862
-1048
-481
-223
-343
-154
-140
-681
-591
551
975
-99
-964
-791
-802
-1174
-695
115
-477
-1874
-1988
-872
-11
356
605
395
-307
-621
-266
-63
-239
54
742
630
-30
161
739
568
523
1220
1316
451
259
1161
1751
1622
1648
1868
1423
644
751
1230
560
-632
-634
36
12
-149
353
706
221
-293
-164
-75
-414
-458
-63
-67
-494
-673
-696
-810
-626
-13
465
391
-82
-603
-822
-296
861
1374
579
-265
-33
378
-128
-745
-482
36
-222
-931
-982
-565
-662
-996
-649
-143
-540
-1338
-1444
-1003
-873
-1037
-881
-612
-821
-1051
-539
83
80
64
437
715
664
442
22
-348
-67
849
1694
1713
1001
454
270
-41
-200
135
415
748
1682
2095
847
-699
-853
-40
812
1705
2343
1787
102
-1070
-646
384
1065
1786
2275
1473
-137
-1042
-1035
-729
-57
1181
2087
1451
-290
-1600
-2014
-1713
-442
886
741
-269
-931
-1733
-2776
-2757
-1598
-584
-126
129
-141
-1470
-2864
-2660
-1337
-691
-341
727
1004
-422
-1355
-650
-206
-628
-169
1141
1319
131
-782
-856
-774
-335
1076
2441
2187
503
-1077
-1666
-1361
-316
971
1638
1379
651
-126
-586
7
1350
1921
1436
1252
1457
768
-103
617
2049
1993
852
465
650
238
-457
-428
260
848
1050
1004
630
-13
-494
-782
-942
-406
615
547
-611
-1121
-908
-914
-713
142
870
863
322
-204
-368
-370
-5
1119
2007
1471
300
-446
-952
-1003
-62
1068
1438
1422
1328
666
-518
-1287
-1334
-1243
-1072
-483
-26
-523
-1465
-1720
-1060
-182
10
-507
-850
-692
-453
-168
145
82
-19
279
251
-423
-703
-163
461
871
1397
1807
1204
-325
-1245
-695
374
938
1007
599
-331
-915
-343
528
451
-107
-151
-297
-1478
-2685
-2322
-772
407
728
529
-191
-1382
-2238
-2054
-1295
-368
1037
2116
1545
202
-319
-825
-2080
-2120
98
2233
2362
1607
1111
229
-1004
-1111
78
703
221
-1
70
-547
-1205
-750
189
645
620
73
-1085
-2281
-2526
-1676
-550
421
1217
1041
-726
-2418
-2329
-1448
-983
15
2077
3202
2072
217
-767
-992
-695
394
1433
1313
810
1000
1212
742
420
661
693
368
214
360
379
137
-22
70
403
1001
1378
446
-1302
-1876
-1137
-538
-277
397
1152
962
-203
-1085
-794
-148
217
1024
1753
796
-755
-830
-312
-426
-98
1092
1700
1237
620
431
408
-87
-852
-788
-81
81
-33
87
-393
-1321
-1173
-40
521
265
59
-219
-970
-1276
-366
587
260
-448
-361
-43
-28
189
612
651
687
1337
1741
785
-502
-525
-86
-516
-842
120
1081
680
43
341
535
-324
-1186
-1013
-430
-220
106
657
555
42
80
228
-368
-1000
-607
410
909
531
-84
-233
0
156
222
247
21
-242
-170
-110
-70
529
1198
898
81
-255
-578
-1490
-2282
-1999
-927
-155
236
702
526
-1056
-2833
-3191
-2605
-2134
-1229
468
1357
417
-738
-589
-227
-589
-486
367
502
-127
-101
617
1015
1026
1092
976
304
-524
-772
-603
-428
227
1518
2442
2215
1218
-12
-1090
-1323
-451
711
1221
1207
1205
1097
529
165
676
935
242
-4
891
1550
1077
187
-196
350
1358
1561
532
-568
-626
-67
201
309
486
242
-596
-1568
-2411
-2789
-2081
-490
918
1403
948
-360
-2164
-3140
-2215
-351
479
54
-289
29
467
657
797
880
689
575
1072
1528
719
-886
-1449
-624
242
835
1450
1230
13
-822
-887
-1050
-1019
-193
417
179
-88
-327
-1201
-1861
-1025
460
765
-180
-812
-470
-191
-448
-340
448
1110
1299
1531
1925
1754
652
-299
-81
506
562
631
964
854
289
-221
-504
-429
-174
-129
-15
385
330
-567
-1499
-1563
-682
253
291
-35
195
327
-471
-1299
-1036
-283
-242
-582
-63
883
609
-531
-684
-72
-119
-343
153
617
415
-48
-645
-1203
-1099
-444
265
1018
1456
736
-809
-1642
-1066
197
967
1019
1124
1195
391
-685
-474
592
896
711
1274
2060
1640
468
25
61
-260
-282
328
600
356
249
79
-282
-125
434
581
404
99
-780
-1980
-2389
-1509
-205
502
1017
1685
1205
-708
-1923
-1458
-768
-547
31
1053
1653
1506
1147
1010
778
326
321
718
585
-24
-168
88
228
809
1934
2273
1208
-22
-345
-446
-957
-1043
-501
-326
-338
48
-45
-896
-993
-12
590
358
69
60
-122
-863
-1602
-1304
-437
-224
43
1248
2034
1161
-279
-1000
-1263
-1431
-1232
-694
-409
-521
-408
18
31
-394
-494
-335
-555
-1163
-1725
-1802
-1056
215
1029
834
186
40
304
109
-366
-227
230
212
305
1293
2194
1680
578
418
827
780
556
659
635
392
473
561
23
-516
-205
335
161
-397
-768
-965
-889
-542
-447
-833
-1196
-1136
-810
-521
-322
-110
-24
-174
-199
145
304
-169
-529
-132
452
573
436
411
501
754
963
570
-359
-832
-506
-326
-459
-189
91
-266
-469
17
297
-114
-611
-760
-759
-835
-885
-596
75
726
1084
1139
821
254
-6
309
689
750
670
492
220
397
981
1095
828
925
1090
761
288
-119
-667
-1042
-864
-291
304
427
-114
-687
-932
-1100
-975
-356
139
-25
-366
-367
-226
-360
-663
-444
210
376
-14
-194
-74
-39
-6
84
119
171
181
-88
-508
-726
-708
-580
-383
1
550
724
93
-888
-1439
-1374
-955
-430
-94
-132
-162
106
199
-233
-639
-360
305
589
524
715
1091
1213
1429
2113
2374
1464
321
-131
-236
-265
135
727
866
864
1258
1517
853
-303
-805
-454
-49
-107
-354
-542
-790
-956
-679
-221
-193
-321
-15
375
364
70
-367
-765
-596
207
912
1035
801
572
577
773
842
710
510
353
428
535
183
-396
-491
-164
82
248
247
-171
-780
-1230
-1366
-1129
-649
-143
385
836
798
252
-436
-1087
-1390
-921
109
1066
1717
2061
1926
1310
599
101
-255
-512
-534
-365
-103
254
517
590
724
864
650
152
-390
-1073
-1642
-1488
-798
-267
48
418
558
164
-349
-478
-311
-149
27
370
797
1049
1011
891
931
960
738
683
1141
1593
1485
945
302
-329
-636
-295
432
1012
1123
721
157
-182
-493
-1039
-1403
-1168
-628
-163
242
493
361
-55
-419
-653
-916
-1234
-1289
-693
400
1300
1495
1118
746
621
377
-145
-554
-713
-787
-530
108
510
260
-292
-616
-777
-1088
-1446
-1518
-1314
-1089
-827
-437
-119
-165
-421
-397
-161
-161
-265
-53
349
626
734
506
-90
-536
-378
243
941
1421
1469
1310
1391
1487
1189
666
218
-89
-298
-452
-551
-623
-810
-1042
-896
-282
349
662
761
786
651
413
301
295
206
106
115
22
-154
-19
419
737
742
640
541
282
-165
-592
-817
-863
-775
-544
-374
-499
-782
-1039
-1448
-1884
-1843
-1276
-590
-111
14
-359
-1224
-2178
-2750
-2790
-2375
-1471
-134
1164
2046
2645
2982
2645
1599
520
-163
-757
-1381
-1549
-1082
-315
516
1308
1832
1887
1560
1073
545
-45
-608
-822
-610
-290
-58
98
33
-242
-352
-142
164
367
478
467
227
-73
-238
-300
-299
-185
-34
18
103
321
575
793
834
613
310
149
248
616
824
285
-876
-2036
-2794
-2997
-2573
-1614
-341
1106
2501
3384
3307
2131
243
-1701
-3176
-3873
-3770
-2955
-1563
0
1294
2145
2413
1949
1083
398
9
-271
-509
-590
-340
214
746
1001
1011
815
534
423
485
570
698
939
1037
692
51
-594
-1095
-1340
-1230
-902
-610
-272
310
1045
1593
1706
1429
917
450
438
907
990
-91
-1817
-3214
-3876
-3553
-2093
-24
1929
3617
5063
5752
4811
2248
-716
-2970
-4174
-4242
-3157
-1294
685
2181
2840
2579
1492
27
-1061
-1476
-1555
-1427
-897
-89
774
1560
1913
1457
333
-804
-1329
-982
-73
849
1576
2047
2171
1931
1179
-114
-1311
-1800
-1668
-1089
-146
824
1514
1962
2104
1722
966
130
-535
-629
-82
333
-224
-1558
-2920
-3854
-3944
-2962
-1396
269
2174
4290
5826
5778
3915
1043
-1693
-3550
-4188
-3552
-2073
-393
1151
2448
3186
2993
1823
81
-1437
-2187
-2189
-1608
-559
803
2121
2901
2589
1150
-674
-2215
-3016
-2778
-1750
-687
-51
436
996
1109
166
-1432
-2685
-3135
-2762
-1688
-426
410
900
1400
1766
1682
999
-146
-1354
-2125
-1973
-984
-220
-639
-1874
-2980
-3560
-3539
-2747
-1113
1095
3471
5544
6649
5986
3567
698
-1468
-2839
-3492
-3174
-1915
-223
1440
2799
3489
3078
1782
474
-420
-1067
-1497
-1496
-921
368
2068
2997
2302
483
-1403
-2902
-3850
-3821
-2820
-1549
-597
85
596
559
-149
-935
-1266
-1187
-867
-310
495
1423
2212
2781
3277
3506
3011
1903
692
-429
-1356
-1598
-921
-103
-36
-695
-1612
-2480
-2901
-2319
-796
1089
2944
4293
4350
2753
10
-3049
-5449
-6351
-5853
-4547
-2751
-741
977
2192
2800
2383
1124
-173
-1285
-2186
-2365
-1593
-204
1558
3347
4299
3766
1993
-289
-2386
-3748
-4000
-3083
-1478
96
1284
1971
1945
1220
343
-67
159
742
1339
1889
2519
3176
3631
3743
3477
2866
1925
703
-393
-927
-816
14
1351
2272
1988
685
-1020
-2626
-3455
-3188
-2290
-1003
746
2340
2669
1270
-1221
-3611
-5088
-5551
-5166
-4194
-2889
-1350
265
1575
2011
1390
247
-721
-1265
-1503
-1218
-164
1436
3299
4943
5417
4056
1360
-1618
-4049
-5200
-4838
-3440
-1584
448
2411
3765
3815
2432
551
-854
-1686
-2086
-1900
-993
372
1783
2953
3699
3820
3191
2079
839
-222
-670
-295
815
2577
4353
4833
3487
977
-1796
-4088
-5125
-4469
-2433
368
3129
5106
5948
5117
2458
-850
-3439
-5084
-5821
-5190
-3310
-1202
297
1140
1490
1260
521
-261
-631
-603
-179
885
2444
3746
3868
2526
279
-2147
-4284
-5710
-5783
-4269
-1746
928
3074
4249
4032
2210
-483
-2674
-3855
-4334
-3960
-2448
-305
1627
3061
4039
4332
3615
2136
776
-64
-527
-327
763
2271
3688
4569
4255
2519
-88
-2843
-4912
-5196
-3366
-370
2731
5324
7013
7267
5406
1921
-1585
-4383
-6563
-7501
-6483
-4192
-2025
-503
700
1513
1328
283
-599
-925
-1169
-1163
-368
832
1678
1772
952
-706
-2795
-4723
-5747
-5147
-3097
-620
1536
3044
3549
2802
902
-1483
-3352
-4300
-4375
-3396
-1490
554
2003
2634
2636
2345
1742
705
-167
-252
136
508
1063
1950
2561
2290
1171
-587
-2795
-4899
-6025
-5565
-3688
-1134
1577
4150
6067
6530
4968
1993
-1156
-3887
-5904
-6581
-5640
-3631
-1303
680
1942
2650
2754
2024
1159
966
941
502
194
543
1153
1343
961
200
-943
-2450
-3714
-3736
-2393
-601
1017
2304
2932
2512
1001
-1103
-3065
-4552
-5341
-4873
-3099
-1037
313
947
1350
1631
1461
849
449
545
736
839
902
835
604
183
-432
-960
-1337
-1904
-2492
-2426
-1615
-423
982
2353
3554
4614
4946
4014
2276
317
-1642
-2987
-3226
-2887
-2458
-1579
-185
1158
2088
2458
2216
1653
1233
1027
788
655
869
1118
1021
674
302
-127
-692
-1200
-1100
-127
1061
1751
2077
2249
1808
537
-1042
-2357
-2977
-2698
-1779
-763
6
582
1063
1360
1309
1031
835
840
1068
1379
1432
1049
316
-662
-1803
-2735
-2816
-1937
-916
-383
-33
345
384
162
360
1278
2640
3860
4193
3441
2103
507
-1229
-2695
-3596
-3932
-3541
-2397
-1136
-231
551
1089
968
543
323
132
-278
-694
-937
-1006
-813
-392
75
445
584
520
582
882
1205
1654
2276
2516
1985
1153
717
805
1161
1564
1932
2234
2424
2533
2520
2227
1760
1370
1120
991
975
937
392
-1107
-3054
-4349
-4701
-4500
-3683
-2278
-1118
-692
-688
-998
-1591
-1830
-1226
-93
1115
2240
3098
3301
2660
1416
-45
-1406
-2397
-2621
-1951
-927
-75
616
1297
1690
1482
1060
792
249
-766
-1556
-1731
-1692
-1488
-708
411
1078
1029
677
429
297
154
99
221
423
713
1142
1598
1963
2193
2288
2255
2044
1691
1374
1160
890
672
818
1158
1299
1125
596
-443
-1951
-3410
-4190
-4059
-3219
-1850
-274
725
801
436
-101
-925
-1553
-1180
207
2008
3646
4555
4308
3030
1179
-866
-2661
-3686
-3684
-2896
-1903
-1110
-535
-275
-645
-1474
-2015
-2083
-2302
-2788
-2907
-2510
-2032
-1528
-873
-388
-311
-469
-787
-1268
-1664
-1565
-852
76
734
1151
1622
2030
2136
2068
1973
1840
1761
1833
1881
1762
1684
1835
2097
2248
2172
1798
1044
-68
-1325
-2369
-2880
-2742
-2147
-1344
-302
628
660
-252
-1400
-2347
-2812
-2334
-992
636
2142
3075
2943
1826
211
-1550
-3124
-4022
-3972
-3204
-2239
-1518
-1160
-1089
-1327
-1898
-2413
-2333
-1844
-1537
-1371
-1084
-902
-851
-406
409
769
422
-83
-416
-604
-553
-165
477
1270
2046
2686
3071
3093
2849
2473
2033
1683
1626
1804
1897
1824
1871
2135
2345
2356
2227
1813
900
-269
-1353
-2276
-2710
-2255
-1231
-94
1016
1592
1191
240
-667
-1285
-1187
-237
1127
2562
3675
3829
3057
1919
503
-1082
-2225
-2578
-2397
-2005
-1583
-1256
-1076
-975
-914
-778
-385
5
-19
-405
-634
-526
-304
92
724
1197
1148
665
-88
-880
-1348
-1403
-1056
-328
430
897
1201
1382
1128
532
14
-274
-256
62
341
340
312
490
787
1107
1273
949
136
-709
-1372
-1896
-1943
-1251
-222
882
2260
3411
3420
2574
1674
774
39
40
807
1928
3033
3605
3372
2642
1513
-43
-1463
-2314
-2842
-3223
-3296
-3127
-2851
-2372
-1833
-1479
-1209
-843
-688
-912
-969
-641
-285
126
893
1708
2011
1703
968
-19
-976
-1476
-1234
-316
807
1640
2154
2451
2328
1822
1289
789
228
-133
-190
-192
-43
427
959
1307
1503
1360
606
-439
-1300
-1875
-2057
-1550
-504
575
1581
2382
2306
1155
-340
-1518
-2145
-1980
-1041
231
1489
2292
2199
1365
176
-1185
-2466
-3299
-3664
-3665
-3310
-2870
-2654
-2418
-1862
-1292
-887
-389
122
334
430
727
1068
1444
2196
3131
3569
3162
2155
1020
78
-568
-759
-339
418
998
1257
1331
1049
337
-333
-783
-1263
-1613
-1559
-1343
-1134
-750
-171
377
734
759
317
-431
-1204
-1943
-2452
-2198
-1037
346
1283
1776
1758
970
-197
-1039
-1397
-1305
-582
589
1652
2177
1947
1118
71
-1023
-1986
-2553
-2757
-2840
-2920
-3074
-3213
-3040
-2481
-1799
-1115
-313
368
443
154
216
720
1205
1616
2189
2664
2570
1853
766
-378
-1216
-1472
-1068
-208
527
821
872
606
-164
-1006
-1405
-1456
-1341
-1023
-658
-367
9
490
917
1290
1524
1283
497
-352
-781
-789
-525
63
906
1508
1687
1590
902
-416
-1415
-1495
-1102
-435
681
1860
2454
2238
1429
442
-353
-870
-1153
-1292
-1509
-1844
-2141
-2297
-2122
-1452
-474
423
1124
1718
2074
2067
1919
1874
1910
2122
2695
3228
3067
2195
1212
456
-132
-380
-28
718
1252
1184
689
113
-427
-892
-1006
-735
-414
-106
258
508
628
919
1383
1659
1621
1414
1041
434
-290
-963
-1452
-1454
-817
-204
-240
-513
-712
-1400
-2415
-2720
-2299
-1755
-1080
-383
-137
-318
-665
-1088
-1359
-1426
-1456
-1453
-1420
-1514
-1713
-1771
-1619
-1185
-304
813
1779
2490
2820
2647
2310
2363
2858
3394
3778
4041
4005
3352
2206
1199
743
734
917
1141
1233
960
353
-383
-1102
-1652
-1799
-1551
-1261
-1106
-960
-847
-925
-1001
-705
-42
683
1109
968
281
-577
-1139
-1345
-1410
-1204
-575
-8
77
10
-89
-511
-884
-739
-422
-230
85
442
521
436
323
167
25
-191
-604
-1033
-1400
-1930
-2521
-2692
-2210
-1354
-551
13
385
656
801
779
775
1017
1415
1799
2110
2242
2126
1799
1391
1014
832
956
1126
1049
765
483
258
26
-206
-367
-323
-120
-101
-379
-664
-673
-324
324
1004
1384
1415
1194
645
-163
-809
-1097
-1247
-1310
-1187
-1090
-1216
-1250
-1065
-1201
-1671
-1740
-1317
-1001
-874
-614
-333
-279
-370
-447
-451
-384
-428
-902
-1695
-2258
-2349
-2180
-1866
-1313
-620
-146
-8
41
170
290
343
534
897
1225
1526
1862
1984
1714
1300
958
690
534
472
434
401
345
228
157
254
373
238
-169
-655
-968
-933
-618
-186
370
991
1332
1198
766
294
-155
-589
-1010
-1381
-1536
-1422
-1311
-1523
-1856
-1909
-1821
-1882
-1840
-1405
-907
-708
-669
-575
-514
-426
-82
256
217
-14
-232
-620
-1071
-1255
-1206
-1010
-596
-167
-17
8
131
319
499
610
761
1173
1659
1859
1787
1589
1252
843
568
422
319
226
61
-83
-5
250
421
406
224
-102
-458
-702
-837
-834
-473
171
747
1132
1404
1502
1362
1096
766
487
405
487
601
632
347
-277
-732
-713
-483
-200
231
604
639
435
296
360
449
304
50
50
165
46
-222
-517
-816
-904
-814
-845
-889
-747
-691
-940
-1169
-1112
-831
-370
140
495
653
675
590
488
428
408
443
506
527
552
725
939
981
865
732
606
471
329
95
-131
-102
154
406
593
775
898
946
874
577
211
50
64
67
66
83
-98
-582
-1039
-1114
-916
-778
-689
-414
76
499
566
349
147
114
154
268
509
695
699
619
432
89
-166
-237
-258
-203
-155
-355
-709
-856
-650
-198
373
909
1143
1001
706
515
426
361
380
465
576
702
762
603
272
1
-156
-244
-320
-419
-472
-524
-698
-844
-771
-582
-440
-323
-311
-454
-535
-549
-592
-560
-473
-520
-653
-716
-882
-1203
-1421
-1394
-1168
-861
-533
-114
319
387
121
25
203
363
494
820
1288
1636
1696
1449
1158
1067
956
617
243
41
-33
-124
-202
-114
197
452
459
481
618
604
349
110
-10
-51
62
269
418
434
320
146
-29
-245
-493
-572
-444
-338
-364
-476
-628
-698
-589
-484
-555
-586
-449
-304
-159
37
141
72
-6
-56
-126
-116
-76
-176
-384
-500
-406
-214
-74
-22
42
64
-117
-317
-254
-1
262
540
745
756
673
598
449
143
-226
-490
-569
-493
-366
-286
-275
-274
-263
-272
-302
-310
-252
-134
-3
101
292
550
662
691
795
878
771
550
437
489
664
810
845
830
753
617
466
280
75
-4
-22
-119
-114
7
-13
-154
-290
-558
-959
-1228
-1452
-1644
-1544
-1350
-1304
-1329
-1368
-1433
-1538
-1616
-1529
-1339
-1294
-1183
-666
-128
80
245
501
594
652
760
728
781
898
845
867
1120
1354
1393
1313
1062
696
484
355
189
264
604
791
772
758
703
493
248
189
221
190
157
198
279
280
259
397
587
568
390
155
-40
-143
-226
-232
-205
-224
-269
-342
-417
-492
-608
-689
-719
-699
-501
-332
-433
-535
-567
-779
-1053
-1079
-1002
-1016
-700
-295
-241
118
655
787
948
1288
1328
1012
880
952
944
1050
1219
1315
1460
1486
1187
776
402
186
28
-125
73
234
198
286
297
181
66
54
-122
-221
125
256
262
457
595
560
475
578
594
484
388
354
420
319
273
432
454
349
185
-189
-502
-529
-572
-599
-451
-422
-707
-858
-817
-1092
-1220
-1125
-1379
-1465
-1190
-1147
-998
-494
-358
-364
80
224
-182
-107
295
57
-75
399
494
500
935
934
597
585
517
86
-278
5
266
3
104
182
-86
-160
-144
-151
-270
-37
147
-151
175
509
231
309
598
450
31
67
155
-115
-34
122
116
70
19
30
-221
-481
-649
-874
-1013
-931
-676
-727
-731
-437
-599
-1038
-1084
-1104
-1140
-756
-539
-537
-371
-144
-223
-361
279
454
98
460
558
279
294
741
931
849
1401
1374
921
1068
1115
811
584
805
626
412
803
730
572
546
352
42
-220
134
280
239
383
97
-99
-205
-259
-271
-461
-355
-509
-952
-915
-633
-578
-645
-438
-466
-982
-1102
-830
-1057
-1177
-845
-1014
-1038
-591
-375
-584
-623
-412
-875
-775
-286
-332
77
238
118
-23
42
198
-142
167
225
-168
-245
-434
-74
6
-4
316
83
60
-97
-263
-42
-281
-420
-469
-500
-431
-503
-11
-19
-640
-301
-67
-362
-83
514
564
252
382
424
90
293
534
262
264
259
121
315
529
708
649
450
153
-129
20
-9
-90
-150
-286
-251
-370
-269
92
91
-462
-597
-259
-693
-795
-111
3
-254
-128
-24
-434
-347
92
-293
-497
-401
-662
-477
-270
14
349
60
135
71
-15
128
-15
144
-254
-38
296
-372
334
661
-79
52
441
177
26
892
901
675
1392
1082
395
928
1174
449
864
929
198
874
996
528
804
1186
586
42
816
393
-58
327
-1
-35
-91
-68
-233
-283
7
-376
-514
-517
-275
-295
-421
109
-44
-84
94
179
45
15
322
-541
-425
182
-218
23
340
548
251
290
298
-256
165
-184
-482
-1
-163
-302
-231
-43
-399
-480
-444
-917
-517
-245
-336
19
98
-206
110
124
-640
-195
-96
-932
-837
-210
-247
-709
86
-60
-710
174
-372
-759
-76
-158
-216
-31
429
121
46
611
132
159
529
385
532
860
1160
1253
1059
1032
1520
1261
915
1387
1061
642
818
959
491
538
1255
405
277
932
268
-173
-125
-81
-472
-402
-335
-741
-523
-611
-653
-834
-826
-545
-701
-468
-341
84
-125
-196
576
76
94
324
-114
-286
136
293
-332
364
531
-22
203
157
-108
-502
-150
-337
-430
260
-84
-162
-142
-173
-145
-415
-531
-296
-66
-390
75
229
-64
333
535
455
158
699
366
-262
464
24
-124
290
22
12
326
308
-230
-13
280
-137
-194
325
32
-364
213
-199
-322
0
-287
-295
-291
265
-11
-175
442
-289
-278
314
-391
-734
173
-239
-1088
-282
-430
-789
-640
-595
-625
-984
-792
-1460
-1190
-619
-1478
-731
-820
-1314
-695
-808
-927
-1027
-540
-692
-946
-12
-89
-280
427
537
71
915
1095
377
1022
1159
1071
459
859
1247
16
1529
1040
54
1455
359
273
459
546
597
-245
697
-2
-208
571
-562
-480
-174
-308
-446
-348
-189
-550
73
-210
-890
51
-134
-1147
-336
-7
-985
-513
-448
-976
-573
-292
-698
-1316
-127
-544
-1274
337
-624
-488
231
-527
-177
-217
308
-676
-356
782
-485
545
493
376
1011
818
1310
364
1216
1078
9
922
362
611
575
562
897
726
1127
238
516
591
173
456
-358
143
215
-273
-184
-167
-136
-709
-281
-383
-499
-40
-136
-100
-83
748
-64
-150
522
-226
461
-238
85
310
-137
753
-203
779
278
-206
718
-506
526
304
48
198
183
560
-600
305
-326
-692
17
-492
-638
-467
539
-957
201
907
-617
703
-92
198
-139
-23
249
-1093
643
-204
-130
423
-311
509
-207
204
160
305
332
-81
723
-36
224
326
-134
372
521
301
280
1039
715
585
1230
1050
483
996
1193
24
1016
963
65
787
376
717
213
-89
645
-359
22
-8
-277
-82
-894
215
-450
-1113
132
-1028
-1112
-642
-609
-918
-1054
79
-880
-536
441
-289
-24
266
385
-278
190
734
-382
520
1010
-5
632
845
188
428
564
680
-37
395
927
-582
687
531
-745
137
-244
-292
-581
-34
-128
-838
254
-219
-422
-50
-109
-250
-611
-285
-27
-440
-652
182
-197
-852
-18
83
-1082
-196
539
-1597
-195
687
-1005
-189
573
-168
-1122
496
-343
-1441
938
-541
-1093
544
-31
-332
568
470
204
934
65
-4
816
227
-459
777
781
-830
1194
689
-730
1080
605
-847
-277
897
-887
-277
871
-1171
-72
-269
-1252
-441
-287
-708
-1179
116
-645
-1028
679
-765
-608
664
-1021
-767
281
-516
-707
146
47
-1043
483
240
-1550
576
243
-1472
-361
472
-442
-500
936
-145
-801
211
-138
-1100
-313
738
-860
-791
448
-62
-653
151
550
-722
309
347
-926
126
369
-637
-906
215
-283
-674
381
-279
-270
131
-424
-526
48
199
-257
-204
-137
-163
-230
-436
-341
215
105
-527
32
592
76
212
760
-4
119
622
-162
-87
694
638
-382
340
705
-281
416
80
-274
-129
-157
-326
-668
769
226
-738
168
3
-461
-398
147
-229
-80
476
-232
263
994
585
449
914
677
418
850
653
760
1180
937
605
808
1046
842
792
862
927
594
328
776
731
548
663
140
162
294
-264
-4
16
-137
-355
-563
-12
-367
-282
-211
-490
-209
-704
-530
-586
-632
-203
-734
-752
-535
-402
-609
-673
-104
-141
-639
-604
6
-58
36
-50
-324
-57
-199
-66
-395
23
452
-422
-203
281
897
489
240
1271
590
436
969
527
468
990
900
-47
583
1567
548
385
1485
919
134
581
742
414
537
916
-214
-376
943
69
-514
494
549
-506
-473
348
-7
98
332
-19
-83
155
218
-382
94
495
-329
-557
-391
-250
-188
-233
-363
-266
-189
-614
-757
-64
47
-896
-508
-449
-1112
-374
-338
-654
-595
-411
-723
-1244
-111
-59
-474
204
-88
-198
167
118
42
461
542
35
162
458
480
597
791
570
697
683
311
1068
928
634
896
363
268
256
443
217
288
636
-223
16
258
77
189
57
145
-307
-250
-216
-320
10
1
-172
-572
-149
-233
-627
-367
-511
-409
-709
-630
-428
-416
-179
-609
-369
-380
-628
-512
-639
-473
-459
-265
-428
-445
65
67
-11
94
415
123
-59
220
244
276
159
300
212
255
372
56
248
380
238
185
268
132
21
171
34
-42
-91
-139
-386
-367
-57
-102
-85
-239
-97
-146
-485
-188
24
-291
-525
-6
-270
-730
-124
-190
-596
-409
-194
-750
-789
-281
-565
-395
-336
-584
-540
-616
-556
-473
-334
-586
-713
-416
-557
-378
136
-43
-254
105
36
-177
90
245
51
-58
170
-113
-284
142
154
20
57
88
-171
-251
79
42
-13
66
-332
-587
-180
-100
-402
-172
-33
-502
-440
14
-129
5
391
114
-85
293
530
294
548
1016
609
406
661
519
605
873
654
421
429
406
391
551
541
338
262
-31
-84
126
-85
-168
-156
-452
-654
-473
-436
-587
-284
-270
-523
-295
-296
-384
-54
82
-130
-285
-244
-175
-64
109
43
56
186
54
183
577
654
447
350
380
346
353
307
262
310
252
217
289
245
335
532
295
194
413
263
97
282
378
199
139
67
-62
101
92
-76
-136
-118
-51
-141
40
212
-41
-98
6
-48
-121
-39
-61
-214
-74
-11
-94
12
156
258
297
487
592
559
640
601
658
628
446
536
644
649
614
532
318
251
452
299
194
391
214
56
224
138
6
65
-184
-393
-177
-120
-385
-385
-191
-361
-408
-206
-385
-453
-304
-490
-569
-438
-455
-505
-376
-177
-290
-487
-526
-527
-395
-172
-104
-153
-1
44
-10
126
239
227
-27
25
197
89
268
278
264
482
583
646
635
763
741
604
486
221
292
499
497
522
713
592
167
255
402
306
363
304
90
-50
-78
-100
-197
-330
-436
-468
-603
-671
-480
-497
-585
-384
-269
-387
-268
89
35
2
247
133
86
337
414
417
528
219
-233
-158
-36
-26
-98
-205
-320
-454
-506
-628
-569
-593
-648
-621
-858
-719
-432
-602
-802
-367
-43
-432
-254
92
3
59
23
-278
-348
-4
53
42
214
152
-28
-163
-153
-165
-7
-23
-251
-160
-311
-404
-352
-461
-378
-243
-208
-124
91
107
296
657
577
583
754
728
664
843
733
344
425
297
84
103
17
-195
-589
-731
-902
-942
-805
-951
-789
-594
-572
-613
-714
-512
-289
-255
-302
-274
-194
27
177
65
309
404
-51
-287
-12
-38
-577
-488
-304
-456
-94
275
342
547
792
773
687
695
712
817
920
994
1054
993
621
223
197
99
-125
-215
-190
-168
-225
-46
65
-1
82
132
248
313
267
278
189
216
329
246
121
-23
-70
-69
-294
-457
-579
-612
-506
-522
-480
-455
-362
-307
-329
-43
145
218
329
371
483
601
754
876
954
1071
1001
580
263
320
272
100
69
193
156
-28
140
445
565
652
879
975
768
648
615
395
228
326
126
-189
-282
-563
-748
-742
-554
-384
-316
-96
-36
227
382
85
158
489
660
727
860
890
715
516
426
311
170
302
168
-40
-105
-394
-509
-565
-499
-350
-222
-149
-273
-169
-114
-29
296
463
505
505
524
433
351
338
237
108
-121
-302
-383
-373
-358
-546
-659
-488
-365
-423
-59
593
711
645
833
762
431
268
79
-176
-250
-373
-640
-739
-717
-718
-688
-546
-298
-52
140
188
311
565
626
579
686
1023
1149
965
749
442
106
-263
-442
-487
-551
-551
-842
-1240
-1466
-1553
-1485
-1258
-968
-821
-683
-523
-427
-405
-215
79
242
410
233
13
-43
-183
-178
-231
-213
-39
39
-101
-246
-34
-24
-363
-382
-96
148
467
778
882
997
1136
1149
975
641
182
-219
-453
-783
-1064
-1096
-1006
-1062
-1107
-1047
-1171
-975
-427
-65
73
176
348
239
20
145
506
624
350
55
-259
-613
-790
-918
-1126
-1096
-894
-872
-898
-1032
-1076
-946
-774
-462
-184
235
691
926
972
722
503
568
663
602
519
345
-1
-220
-317
-359
-126
342
309
-172
-210
-106
-259
-354
-181
30
161
437
724
966
1206
1416
1329
943
706
269
-159
-229
-466
-854
-1059
-985
-811
-450
-167
-232
-4
461
556
475
779
1008
743
493
418
377
246
117
-150
-542
-732
-995
-1084
-894
-774
-607
-583
-642
-640
-514
-167
245
678
864
750
582
522
609
538
364
395
486
369
-22
-482
-719
-720
-558
-273
74
438
628
556
292
-37
-127
4
84
34
6
-6
-141
-81
308
754
1097
1260
1134
626
-93
-693
-899
-879
-849
-617
-192
151
82
-119
-171
-66
428
927
1102
1008
936
846
263
-213
-218
-98
9
-184
-581
-833
-862
-871
-717
-185
250
461
605
471
191
206
439
528
514
549
632
715
596
286
40
-54
82
174
10
-200
-313
-221
-161
-183
-38
324
730
649
104
-272
-234
-137
-336
-537
-520
-534
-593
-422
-122
309
887
1177
1045
587
136
-207
-592
-834
-964
-811
-453
-226
-10
132
236
492
755
726
630
782
808
533
129
-240
-343
-210
-150
-314
-449
-393
-335
-152
221
502
782
1070
1060
784
587
565
437
188
-17
-156
-225
-195
-155
-141
-102
-102
-56
-127
-348
-414
-410
-338
-262
-116
317
758
1106
1257
1235
991
459
175
25
-373
-869
-1104
-1044
-1046
-752
58
912
1461
1753
1788
1482
1154
598
-226
-701
-886
-998
-956
-791
-700
-673
-656
-778
-868
-837
-722
-478
-153
25
-145
-335
-415
-401
-383
-523
-532
-367
-148
53
316
705
976
963
604
157
-161
-447
-760
-899
-784
-633
-416
-335
-486
-545
-521
-463
-384
-251
-14
136
107
76
41
-108
-96
268
609
550
497
489
2
-665
-1146
-1339
-1466
-1700
-1672
-1492
-1263
-793
34
934
1502
1943
2095
1659
856
-71
-1005
-1695
-1985
-2079
-1852
-1362
-984
-713
-392
-122
-16
197
428
514
644
840
945
887
818
797
778
747
676
592
508
547
736
928
1063
1012
712
293
-188
-746
-1087
-1067
-1010
-862
-530
-254
-117
-24
45
92
225
224
9
-174
-295
-281
-215
-245
-198
46
367
457
387
458
267
-361
-822
-797
-699
-652
-384
-151
-99
97
582
1188
1851
2425
2661
2622
2182
1312
295
-665
-1431
-1943
-2032
-1723
-1178
-557
31
491
646
707
710
559
531
662
660
336
65
97
255
418
405
254
-25
-374
-465
-301
-26
228
388
452
311
103
-46
-165
-188
-142
-40
122
235
338
404
309
161
44
-130
-400
-511
-422
-421
-542
-579
-409
-193
-57
-10
-106
-468
-1119
-1635
-1696
-1588
-1506
-1202
-745
-458
-230
246
913
1508
2031
2324
2245
1948
1301
322
-602
-1267
-1766
-2038
-1759
-1153
-562
69
639
957
1073
1142
1026
768
542
242
-122
-415
-405
-220
-68
48
33
-62
-205
-327
-334
-198
-39
107
290
404
438
440
552
567
398
248
6
-188
-309
-410
-438
-436
-317
-232
-247
-256
-291
-382
-597
-713
-492
-286
-339
-378
-402
-731
-1289
-1658
-1666
-1509
-1304
-1061
-754
-384