0, 0, 0, 0, 0, 0, 0, 0, 0, 0, 
	 0, 0, 0, 0, 0, 0, 0, 0, 0, 0,
	 0, 0, 0, 0, 0, 0, 0, 0, 0, 0,
	 0, 0, 0, 0, 0, 0, 0, 0, 0, 0,
	 0, 0, 0, 0, 0, 0, 0, 0, 0, 0,
	 0, 0, 0, 0, 0, 0, 0, 0, 0, 0, 
	 0, 0, 0, 0, 0, 0, 0, 0, 0, 0,
	 0, 0, 0, 0, 0, 0, 0, 0, 0, 0,
	 0, 0, 0, 0, 0, 0, 0, 0, 0, 0, 
	 0, 0, 0, 0, 0, 0, 0, 0, 0, 0, 
	 0, 0, 0, 0, 0, 0, 0, 0, 0, 0, 
	 0, 0, 0, 0, 0, 0, 0, 0, 0, 0, 
	 0, 0, 0, 0, 0, 0, 0, 0, 0, 0, 
	 0, 0, 0, 0, 0, 0, 0, 0, 0, 0, 
	 0, 0, 0, 0, 0, 0, 0, 0, 0, 0, 
	 0, 0, 0, 0, 0, 0, 0, 0, 0, 0, 
	 0, 0, 0, 0, 0, 0, 0, 0, 0, 0, 
	 0, 0, 0, 0, 0, 0, 0, 0, 0, 0, 
	 0, 0, 0, 0, 0, 0, 0, 0, 0, 0, 
	 0, 0, 0, 0, 0, 0, 0, 0, 0, 0, 
	 0, 0, 0, 0, 0, 0, 0, 0, 0, 0, 
	 0, 0, 0, 0, 0, 0, 0, 0, 0, 0, 
	 0, 0, 0, 0, 0, 0, 0, 0, 0, 0, 
	 0, 0, 0, 0, 0, 0, 0, 0, 0, 0, 
	 0, 0, 0, 0, 0, 0, 0, 0, 0, 0, 
	 0, 0, 0, 0, 0, 0, -22784, -6944, 416, -1984, 
	 1952, -2304, -2560, -4480, -7328, -9760, -9568, -17120, -11936, 
	 -10080, -6560, -4896, 1344, 4896, -160, -2112, -1408, 2112, 3008, 
	  2176, 2592, 1792, -1376, 3520, 3584, -3776, -1472, -4736, -7520, 
	  -1056, 1152, 128, 2240, -1344, 1888, 2528, -2528, -1312, -1120,
	   -5376, 1664, -6880, -10496, 960, -2784, -8032, -10688, -14464, 
	   -8032, -3200, -1216, -1376, -576, 544, 2688, 10368, 5120, 2656, 
	   1376, 2816, -3424, 2144, -2016, 2752, 672, -1856, -3584, -1696, 
	   3680, 576, 6816, 3264, -3456, -3168, -4896, -2464, -3968, -8704,
	-6976, -6720, -8256, -384, -160, -2592, -736, -11072, -6560, 
	-9056, -9952, -7072, -5728, -4064, -4896, 2944, 7808, 7648, 
	6336, 3040, -3456, -800, 2752, 4960, 9632, 7520, 10496, 2912,
	4448, 1536, 4128, 1888, 1184, 4576, -992, 6944, 7584, 5984, 
	4160, 1888, 832, 1312, 2592, 3488, 6816, 1408, 768, -64, 928, 
	416, 3008, 3456, 704, 96, -3328, 12352, 13216, 8576, 16704, 
	14240, 7840, 5376, 6592, 4352, 4640, 1952, 6176, 6752, 1056,
	4096, 1824, 3616, 3456, 10048, 5728, 11168, 7200, 6496, 8128, 
	-992, 576, 3296, 3872, 4096, 9536, 8864, 5984, 992, -4256, -832,
	-8128, -9984, -576, -4768, -6496, 5696, 4576, 2688, 4032, 4128, 
	5920, 1344, -1568, -3648, -224, 5824, 6016, 5216, 4032, -1056, 
	3488, 2976, -2496, -4480, 4704, 1504, 2592, 992, 2784, 6144, 
	4640, -2112, -2688, -5824, 480, 3264, 2560, 2592, -4352, -5888,
	-4096, -9984, -5920, -608, -3296, -1216, -3168, 1440, -1216,
		-4320, -1248, -1216, -4992, -4160, -1312, 4064, -1312, -672,
		-11008, -13568, -7744, -3360, -5216, 1792, 704, -128, -224,
		-5472, -8640, -4864, -6496, -12704, -7680, -5568, -5568, 
		-5344, -4192, -10752, -15296, -10784, -10816, -18432, -22144, -20224