0
0
0
0
0
0
0
0
0
0
0
0
0
-1
-1
-1
0
0
0
0
0
0
-1
0
-1
-1
-1
0
0
0
-1
0
0
-1
-1
0
-1
0
0
0
0
-1
-1
0
0
-1
0
0
-1
0
0
-1
0
0
-1
0
-1
0
0
0
-1
-1
-1
-1
0
0
0
0
-1
-2
-1
-1
0
0
0
0
-1
0
-1
0
-2
-1
-1
-1
1
0
1
-1
0
-3
0
-1
-3
1
0
-1
-1
0
0
0
-2
-2
0
-2
0
0
-1
-1
0
0
0
0
-2
-1
-1
-4
3
-1
0
3
1
-2
0
2
0
0
-3
-2
-3
1
5
2
-3
-2
0
-2
-1
-3
-3
0
2
1
3
0
0
0
-1
-6
-2
2
-2
5
3
-2
-4
0
-2
-2
-1
-7
1
0
1
4
-3
0
1
-2
-5
0
0
4
6
2
0
1
1
3
0
-7
0
-2
-1
-2
-3
0
3
4
0
-2
-6
-5
2
1
2
1
-3
0
-3
0
-3
1
-5
0
2
0
3
4
9
-1
-7
-11
-7
0
9
7
0
-2
5
5
4
0
-4
0
-2
1
0
3
0
0
-2
-4
-5
5
5
3
0
-11
-11
2
12
13
3
-9
-6
-10
-2
-4
0
-5
21
8
18
-5
-30
-110
-364
-490
-617
-652
-760
-946
-1034
-1278
-1521
-1709
-1960
-2092
-2256
-2434
-2295
-2070
-1839
-1584
-1303
-1072
-788
-578
-492
-301
-169
45
384
729
995
1181
1271
1237
1123
957
751
608
467
286
167
71
248
467
538
650
580
482
449
294
167
20
-91
-121
-59
59
180
463
664
697
649
496
402
425
515
655
808
990
1270
1639
1902
2133
2252
2133
1981
1824
1706
1684
1609
1426
1276
965
735
619
458
405
333
250
190
265
292
223
-5
-334
-653
-954
-1077
-1189
-1178
-1121
-1137
-1103
-1116
-1136
-1042
-931
-751
-509
-294
49
468
863
1120
1168
1063
981
978
996
1020
897
696
552
489
525
593
601
642
717
685
644
541
370
220
33
-125
-199
-125
-18
150
362
392
397
303
219
307
378
594
973
1334
1703
2088
2353
2468
2486
2347
2107
1933
1800
1647
1445
1142
830
508
129
-188
-524
-888
-1087
-1263
-1409
-1621
-1996
-2340
-2688
-3062
-3402
-3648
-3825
-3888
-3806
-3693
-3593
-3555
-3623
-3631
-3549
-3422
-3196
-2954
-2638
-2269
-1944
-1636
-1359
-1104
-932
-790
-659
-542
-428
-417
-362
-309
-252
-70
37
174
406
548
692
791
779
797
789
791
880
966
1092
1249
1322
1348
1275
1058
858
725
729
814
890
1040
1254
1490
1690
1774
1744
1612
1467
1393
1294
1209
1077
938
825
596
401
232
104
59
-47
-118
-125
-169
-221
-417
-786
-1125
-1436
-1724
-1905
-2053
-2201
-2251
-2293
-2292
-2276
-2343
-2336
-2326
-2336
-2273
-2115
-1810
-1388
-1064
-893
-728
-509
-169
172
405
572
749
950
1218
1547
1813
2038
2193
2311
2443
2586
2708
2806
2841
2668
2459
2291
2153
2163
2130
1946
1816
1561
1299
1156
818
481
178
-103
-162
-71
133
441
706
881
1014
1080
1105
1151
1101
910
777
654
645
660
505
350
143
15
-7
-20
-60
-193
-353
-563
-830
-1183
-1624
-2034
-2391
-2634
-2737
-2800
-2829
-2835
-2854
-2872
-2845
-2806
-2727
-2579
-2367
-2044
-1670
-1241
-889
-654
-422
-264
-55
185
363
587
757
830
888
934
1031
1141
1203
1263
1279
1339
1440
1439
1305
984
659
424
352
394
375
368
280
127
-28
-213
-454
-709
-907
-1040
-939
-655
-300
83
269
265
245
291
425
540
553
507
490
498
543
527
385
252
68
-41
67
186
285
336
212
-8
-210
-383
-451
-466
-568
-709
-785
-772
-685
-601
-665
-789
-842
-768
-482
-179
-6
98
101
111
223
329
413
449
412
439
553
711
890
968
871
776
831
1016
1293
1530
1574
1496
1396
1250
1152
1071
942
854
798
784
856
923
841
632
331
8
-220
-298
-264
-184
-65
73
261
455
615
694
673
667
651
700
833
980
1079
1045
1004
980
1000
1088
1063
967
891
811
818
781
567
258
-146
-504
-693
-864
-1065
-1301
-1555
-1725
-1830
-1907
-2022
-2191
-2350
-2452
-2399
-2250
-2067
-1844
-1738
-1717
-1646
-1557
-1398
-1229
-1216
-1266
-1273
-1201
-933
-599
-440
-336
-256
-102
252
541
720
726
557
467
424
430
483
479
416
339
262
230
314
326
173
-66
-333
-366
-114
223
482
592
673
778
968
1183
1302
1375
1381
1395
1478
1602
1736
1753
1633
1425
1188
1063
1077
1129
1083
898
633
381
220
35
-262
-598
-913
-1119
-1200
-1262
-1361
-1543
-1786
-1998
-2129
-2172
-2157
-2079
-1980
-1909
-1875
-1847
-1769
-1750
-1778
-1769
-1738
-1607
-1382
-1158
-990
-911
-896
-854
-746
-621
-515
-440
-362
-206
-64
-15
31
34
7
1
64
268
461
589
624
567
531
451
390
410
454
628
920
1293
1717
2014
2177
2245
2209
2136
2055
1994
2000
2000
1911
1836
1773
1674
1630
1498
1290
1168
1065
1025
990
823
539
171
-146
-401
-639
-868
-1110
-1309
-1492
-1725
-1987
-2199
-2385
-2543
-2697
-2854
-2870
-2769
-2619
-2467
-2431
-2465
-2526
-2545
-2412
-2256
-2099
-1913
-1776
-1585
-1355
-1133
-847
-584
-371
-176
31
310
624
892
990
943
911
965
1145
1379
1559
1683
1769
1829
1860
1847
1712
1504
1350
1277
1329
1468
1656
1926
2178
2297
2341
2396
2457
2492
2472
2372
2239
2168
2123
2109
2072
1891
1684
1555
1534
1528
1405
1221
989
732
487
222
-44
-291
-569
-893
-1107
-1227
-1343
-1479
-1723
-1963
-2056
-2051
-1949
-1771
-1655
-1598
-1464
-1264
-1053
-894
-921
-1030
-1027
-983
-886
-719
-630
-619
-658
-682
-603
-465
-367
-376
-453
-554
-646
-699
-725
-780
-930
-1116
-1212
-1121
-850
-601
-527
-586
-713
-811
-797
-715
-669
-671
-645
-445
-4
481
838
1021
1046
1009
1018
1138
1281
1381
1376
1245
1198
1295
1353
1301
1133
889
722
637
633
712
700
503
226
-7
-156
-208
-244
-313
-389
-523
-651
-642
-550
-564
-713
-913
-1016
-863
-594
-374
-230
-211
-267
-315
-359
-354
-416
-596
-705
-761
-772
-748
-755
-690
-624
-699
-722
-635
-600
-587
-647
-794
-827
-817
-855
-785
-645
-560
-466
-413
-416
-448
-584
-733
-803
-839
-841
-750
-551
-260
-39
45
164
336
424
392
328
403
624
807
939
1022
1041
1114
1254
1401
1490
1446
1352
1370
1484
1581
1595
1549
1510
1483
1457
1448
1527
1596
1509
1349
1194
1090
1076
1073
985
826
602
408
375
403
320
138
-39
-147
-176
-209
-288
-382
-540
-786
-987
-1014
-943
-883
-889
-976
-1093
-1207
-1309
-1368
-1446
-1612
-1786
-1813
-1637
-1450
-1374
-1348
-1326
-1319
-1349
-1369
-1349
-1283
-1248
-1222
-1124
-962
-735
-495
-280
-89
18
64
198
409
560
623
614
628
782
984
1104
1234
1324
1269
1185
1131
1112
1109
1059
925
768
660
581
459
255
82
-20
-104
-159
-140
-87
-68
-114
-228
-341
-435
-533
-572
-509
-410
-343
-344
-351
-336
-366
-448
-544
-614
-588
-491
-399
-232
-41
61
93
50
28
55
52
42
34
11
-24
-50
-38
-40
-98
-185
-286
-327
-302
-310
-321
-278
-212
-133
-34
120
389
697
947
1098
1190
1348
1493
1501
1402
1336
1366
1360
1306
1364
1505
1567
1549
1535
1559
1551
1495
1437
1434
1462
1343
1130
1049
1054
997
845
652
567
564
498
417
416
412
251
-29
-205
-228
-280
-423
-519
-461
-387
-481
-649
-751
-845
-1035
-1271
-1368
-1323
-1233
-1176
-1138
-1091
-1156
-1326
-1464
-1491
-1456
-1435
-1397
-1223
-929
-692
-564
-459
-344
-229
-188
-293
-375
-320
-246
-277
-355
-383
-413
-482
-504
-404
-238
-115
-87
-92
-12
43
-78
-265
-392
-461
-569
-683
-670
-543
-450
-505
-602
-557
-427
-367
-338
-191
53
181
124
76
138
189
165
102
81
71
3
-58
-50
-64
-262
-570
-716
-623
-499
-487
-560
-575
-506
-559
-693
-715
-640
-595
-612
-516
-146
251
348
234
199
238
127
-37
14
195
294
288
329
535
717
602
296
165
241
238
118
62
111
41
-261
-540
-578
-612
-806
-953
-840
-545
-381
-428
-330
2
177
70
31
253
523
642
645
719
838
765
589
577
675
626
400
297
476
654
587
441
447
529
495
447
594
780
741
569
622
935
1030
777
598
788
1064
1112
1065
1067
1043
875
685
703
861
817
587
558
794
983
846
505
263
67
-232
-530
-620
-569
-683
-889
-934
-820
-749
-854
-915
-809
-752
-824
-824
-620
-411
-458
-708
-857
-855
-871
-904
-861
-783
-810
-914
-909
-742
-632
-761
-939
-881
-637
-391
-136
169
350
247
101
190
381
359
122
10
188
405
445
530
771
943
930
907
1085
1328
1349
1160
1059
1059
898
614
444
413
290
-45
-299
-274
-208
-370
-678
-855
-863
-933
-1068
-1003
-781
-716
-809
-775
-539
-337
-312
-286
-114
79
168
272
438
512
343
20
-98
26
93
41
47
216
428
524
555
629
597
403
365
635
903
833
595
545
653
646
429
248
234
280
334
501
882
1217
1202
978
862
906
898
756
624
578
505
391
363
411
428
321
150
90
172
310
461
636
741
595
300
124
115
169
116
-106
-394
-615
-691
-663
-694
-916
-1191
-1291
-1136
-857
-653
-533
-501
-537
-615
-585
-370
-179
-202
-408
-435
-170
65
78
-26
-155
-342
-472
-367
-126
6
-127
-394
-538
-475
-363
-395
-420
-390
-373
-259
-31
222
312
137
-132
-197
-75
12
117
327
511
571
605
751
938
941
776
672
719
724
614
545
557
462
110
-254
-409
-452
-583
-810
-947
-966
-1039
-1143
-1120
-1085
-1245
-1515
-1505
-1067
-694
-813
-1108
-1048
-739
-655
-834
-1002
-1016
-974
-946
-729
-327
-82
-176
-329
-204
66
152
66
53
118
114
80
103
116
-46
-373
-574
-502
-322
-262
-248
-86
101
138
133
325
695
968
1068
1183
1408
1620
1784
1945
1921
1519
989
801
967
1111
908
430
79
-58
-67
-30
-106
-288
-495
-497
-152
303
439
128
-148
-48
188
286
344
504
723
906
1047
1192
1288
1249
1155
1204
1420
1589
1561
1454
1385
1367
1235
870
470
179
66
149
284
224
-77
-362
-485
-557
-763
-1153
-1477
-1397
-1023
-732
-622
-694
-844
-844
-658
-440
-355
-402
-314
23
364
487
345
66
-116
-131
-16
172
298
246
147
297
608
623
183
-330
-438
-224
-14
17
-195
-527
-826
-935
-883
-915
-1163
-1409
-1297
-854
-383
-202
-216
-71
167
341
457
596
772
844
823
857
939
867
687
773
1108
1275
1157
1055
1201
1494
1614
1377
934
479
153
160
377
449
219
-149
-287
-170
-67
-230
-541
-615
-509
-333
-56
235
268
-66
-387
-255
193
266
-137
-344
-38
400
555
350
-22
-282
-379
-509
-676
-783
-939
-1031
-921
-788
-874
-1232
-1491
-1340
-1035
-1003
-1148
-1097
-859
-684
-612
-541
-551
-626
-594
-356
49
391
466
360
396
757
1170
1317
1203
976
887
1052
1376
1533
1179
622
424
587
663
410
73
-61
-2
110
262
340
100
-335
-506
-158
359
385
-79
-376
-188
95
86
0
28
27
-160
-371
-286
-128
-264
-552
-684
-687
-801
-991
-994
-762
-589
-646
-802
-888
-872
-841
-808
-741
-692
-698
-626
-231
275
261
-258
-613
-443
-1
388
740
989
1026
1031
1182
1357
1179
609
126
61
215
225
9
-268
-437
-485
-522
-608
-646
-611
-678
-770
-535
-187
-241
-554
-579
-325
-322
-544
-464
33
532
557
183
-181
-318
-185
73
127
-126
-408
-491
-323
13
173
-162
-748
-973
-798
-708
-768
-819
-901
-1107
-1247
-1002
-640
-611
-861
-877
-390
118
266
284
420
649
906
1128
1318
1589
1920
2209
2445
2605
2465
1921
1403
1346
1531
1463
1145
992
1043
919
633
500
387
19
-428
-564
-372
-164
-103
-97
-4
39
-190
-532
-674
-673
-723
-645
-269
237
423
285
321
496
515
353
247
372
593
713
615
435
377
301
142
136
248
136
-357
-839
-763
-271
-12
-124
-244
-308
-381
-201
242
460
367
294
385
677
1071
1234
987
636
632
920
1024
864
935
1150
848
215
118
630
985
900
717
599
501
456
439
255
-140
-434
-470
-470
-409
-241
-311
-641
-820
-746
-748
-925
-970
-889
-886
-855
-607
-499
-1003
-1474
-1046
-319
-281
-539
-326
60
67
-155
-278
-325
-329
-264
-224
-305
-358
-232
-210
-387
-317
18
45
-223
-174
205
400
259
-43
-316
-396
-158
40
-291
-797
-656
69
357
79
39
315
382
250
414
751
823
749
764
856
890
807
586
178
-191
-214
-27
-45
-203
-178
-30
93
218
211
-162
-527
-455
-345
-601
-803
-500
-188
-546
-1277
-1597
-1485
-1419
-1410
-1317
-1263
-1227
-1049
-827
-737
-584
-269
-59
101
466
861
839
422
268
615
912
1034
1305
1535
1445
1308
1425
1471
1128
713
602
781
948
924
869
800
610
341
27
-178
-56
139
-68
-391
-242
136
167
-51
-34
85
-132
-521
-527
-80
360
672
789
481
127
307
737
560
-188
-599
-345
-25
-114
-362
-501
-668
-1039
-1517
-1783
-1609
-1217
-1172
-1438
-1210
-396
-21
-402
-642
-248
266
398
263
144
178
417
720
699
185
-137
344
929
821
608
1047
1701
1847
1426
862
472
231
-97
-577
-866
-824
-922
-1512
-2097
-2009
-1561
-1551
-1870
-1785
-1169
-593
-430
-461
-504
-547
-362
72
229
-117
-281
85
387
449
671
1092
1377
1405
1371
1439
1609
1658
1379
939
800
1075
1124
452
-370
-456
-9
51
-377
-615
-568
-792
-1133
-1004
-720
-673
-577
-434
-531
-605
-380
-137
-40
-10
74
336
688
918
955
923
874
906
1049
994
842
1026
1225
904
546
777
1004
574
39
-149
-394
-774
-832
-490
-32
197
7
-443
-863
-1108
-1129
-917
-700
-615
-452
-273
-341
-406
-110
236
305
374
522
609
799
1025
820
382
472
969
1169
949
472
-83
-309
-259
-387
-467
-202
11
-148
-464
-645
-510
-163
-113
-350
-359
-217
-275
-428
-490
-454
-108
479
665
307
81
409
865
918
597
362
646
1125
1058
667
659
746
152
-670
-588
140
141
-980
-1875
-1447
-560
-484
-842
-712
-593
-1222
-1699
-1071
-146
27
-470
-1172
-1515
-962
-7
306
152
364
656
426
60
23
220
447
746
1139
1085
368
83
889
1451
790
163
309
75
-750
-937
-426
-154
-125
84
305
236
26
-267
-960
-1656
-1384
-407
-117
-689
-827
-242
-22
-208
-53
-29
-558
-465
686
1116
35
-850
-715
-775
-1149
-650
123
-542
-1982
-2103
-979
-116
254
519
315
-417
-751
-372
-148
-339
-64
600
466
-174
61
681
589
647
1402
1469
524
272
1151
1708
1533
1566
1828
1402
644
787
1276
596
-619
-682
-69
-73
-160
405
791
329
-156
-22
56
-263
-265
116
57
-398
-574
-570
-622
-372
282
794
730
221
-339
-568
-42
1114
1631
813
-86
72
393
-188
-828
-578
-104
-392
-1099
-1150
-760
-893
-1221
-832
-285
-675
-1499
-1636
-1233
-1146
-1346
-1218
-954
-1138
-1340
-777
-52
43
46
400
686
653
448
52
-298
-16
886
1686
1638
889
338
120
-273
-480
-119
198
565
1559
2055
866
-685
-898
-180
601
1498
2172
1618
-82
-1223
-728
364
1123
1964
2550
1785
202
-656
-622
-314
378
1621
2472
1775
14
-1321
-1801
-1564
-364
870
658
-376
-1063
-1878
-2882
-2793
-1604
-635
-235
19
-240
-1627
-3120
-2965
-1632
-954
-588
485
830
-439
-1248
-526
-91
-483
23
1364
1557
400
-448
-468
-404
-2
1381
2664
2295
525
-1116
-1769
-1507
-463
830
1491
1219
494
-264
-730
-180
1101
1640
1189
1072
1279
535
-322
501
2046
2065
987
672
913
492
-267
-261
488
1137
1324
1206
769
121
-351
-649
-807
-301
610
422
-766
-1251
-999
-964
-768
51
758
727
151
-395
-618
-738
-461
681
1680
1294
245
-438
-932
-1002
-90
1061
1492
1524
1448
751
-513
-1337
-1375
-1284
-1169
-642
-219
-753
-1725
-1957
-1235
-300
-78
-581
-948
-842
-631
-365
-88
-182
-284
8
-62
-762
-1002
-369
356
846
1451
1942
1390
-121
-1030
-478
569
1083
1078
608
-331
-892
-334
476
354
-235
-327
-483
-1603
-2722
-2302
-734
464
824
660
-88
-1348
-2235
-2063
-1324
-383
1071
2218
1738
489
13
-464
-1665
-1710
451
2588
2790
2080
1576
668
-586
-743
351
910
419
153
103
-646
-1380
-940
32
508
460
-117
-1290
-2526
-2835
-1989
-796
185
888
646
-1068
-2660
-2476
-1499
-954
70
2133
3258
2127
315
-585
-760
-450
645
1689
1570
1052
1192
1336
772
330
476
477
154
21
213
295
104
-40
38
366
977
1342
357
-1431
-1979
-1176
-507
-174
586
1448
1340
156
-786
-478
257
673
1462
2153
1159
-437
-565
-106
-289
-37
1047
1491
843
137
-1
65
-406
-1182
-1110
-401
-278
-425
-289
-762
-1744
-1671
-591
-30
-189
-236
-395
-1077
-1301
-298
715
423
-254
-138
209
234
429
830
841
831
1436
1763
673
-738
-821
-424
-918
-1304
-364
612
239
-381
-61
179
-646
-1538
-1439
-907
-679
-290
329
318
-52
143
386
-179
-777
-308
804
1384
1032
369
160
376
521
534
497
203
-159
-192
-207
-220
317
932
617
-193
-538
-877
-1784
-2539
-2228
-1146
-390
-52
366
204
-1331
-3047
-3295
-2586
-2050
-1129
576
1477
556
-555
-349
71
-252
-155
655
755
113
102
749
1040
933
914
774
112
-666
-848
-688
-589
42
1398
2388
2153
1078
-232
-1323
-1502
-555
689
1311
1401
1434
1306
750
470
1099
1426
746
517
1424
2045
1520
609
181
635
1538
1629
484
-685
-750
-180
90
202
373
105
-753
-1751
-2646
-3118
-2505
-947
468
941
509
-680
-2338
-3238
-2272
-325
625
272
-60
267
746
975
1098
1107
853
715
1164
1492
534
-1150
-1724
-913
-68
548
1232
1062
-159
-1020
-1098
-1274
-1275
-499
50
-249
-555
-817
-1689
-2287
-1330
290
695
-191
-797
-430
-97
-273
-97
730
1394
1570
1812
2199
1987
862
-99
53
543
555
635
1004
938
396
-117
-398
-294
-2
56
157
521
403
-586
-1571
-1588
-596
417
494
196
434
564
-229
-1067
-831
-103
-86
-456
50
1029
797
-377
-639
-140
-278
-577
-158
228
-13
-462
-1029
-1571
-1441
-716
66
839
1268
514
-1095
-1961
-1354
-5
888
1050
1203
1294
535
-505
-297
785
1165
1073
1684
2474
2051
875
394
372
17
-42
470
612
262
78
-128
-529
-435
115
345
259
-13
-903
-2098
-2499
-1672
-442
265
835
1541
1094
-745
-1873
-1341
-599
-338
289
1402
2082
1933
1523
1325
1036
567
556
889
640
-97
-340
-102
73
669
1786
2140
1079
-206
-581
-680
-1170
-1256
-772
-706
-803
-450
-543
-1347
-1366
-336
298
111
-137
-76
-158
-826
-1553
-1261
-379
-129
162
1349
2056
1076
-439
-1212
-1536
-1748
-1541
-959
-654
-763
-621
-157
-131
-531
-607
-476
-756
-1417
-2021
-2107
-1314
61
988
882
308
221
516
337
-101
110
644
660
758
1738
2623
2102
999
815
1170
1027
679
693
641
376
425
497
-44
-594
-296
242
71
-503
-922
-1186
-1159
-808
-673
-1013
-1311
-1184
-831
-562
-383
-129
37
-36
-13
333
474
10
-330
71
655
771
605
521
555
775
957
525
-447
-938
-604
-419
-545
-264
8
-374
-602
-160
63
-350
-807
-934
-914
-950
-979
-676
30
719
1109
1199
924
390
161
496
890
967
908
724
438
588
1126
1207
927
1010
1172
858
382
-51
-620
-1005
-830
-260
310
400
-164
-750
-1015
-1191
-1056
-418
84
-77
-411
-398
-235
-353
-650
-437
213
390
4
-177
-50
-14
4
82
109
146
146
-121
-535
-762
-746
-615
-416
-21
532
698
60
-924
-1479
-1418
-997
-465
-119
-148
-179
91
191
-240
-642
-356
308
596
541
732
1103
1228
1448
2128
2386
1476
330
-123
-225
-256
144
736
873
872
1264
1519
855
-299
-802
-447
-39
-101
-354
-539
-785
-956
-678
-217
-191
-322
-16
376
364
69
-368
-770
-601
203
906
1028
794
565
569
763
832
702
503
342
414
525
177
-403
-500
-174
76
243
238
-181
-788
-1235
-1373
-1138
-657
-152
370
824
792
245
-449
-1098
-1398
-933
98
1063
1712
2055
1921
1301
588
89
-268
-527
-545
-371
-109
246
508
581
718
858
641
140
-404
-1085
-1651
-1498
-811
-276
45
411
546
155
-358
-498
-333
-174
5
361
799
1049
1003
886
928
953
730
678
1140
1597
1484
936
294
-335
-642
-291
445
1021
1123
713
144
-192
-507
-1062
-1422
-1177
-643
-187
222
475
333
-89
-445
-677
-945
-1260
-1317
-723
379
1288
1483
1109
750
633
385
-143
-550
-712
-793
-541
102
510
253
-305
-622
-767
-1069
-1431
-1512
-1316
-1094
-827
-439
-124
-165
-419
-394
-157
-162
-294
-106
297
578
684
467
-121
-574
-423
188
874
1357
1411
1248
1331
1444
1157
637
189
-125
-341
-503
-617
-695
-872
-1090
-936
-320
309
617
723
765
643
410
288
262
160
52
53
-42
-211
-63
396
737
763
681
591
331
-113
-530
-746
-787
-706
-480
-291
-394
-672
-936
-1359
-1812
-1784
-1229
-550
-67
70
-295
-1147
-2090
-2668
-2740
-2354
-1457
-114
1186
2065
2660
2992
2651
1605
537
-137
-733
-1353
-1509
-1032
-259
571
1350
1852
1905
1601
1123
581
-14
-575
-808
-626
-324
-99
46
-39
-344
-472
-264
56
271
370
347
126
-156
-320
-367
-343
-227
-85
-42
16
219
502
762
818
609
328
187
306
687
892
351
-828
-2029
-2815
-3012
-2569
-1592
-310
1133
2504
3352
3266
2115
246
-1699
-3178
-3893
-3838
-3065
-1673
-82
1238
2113
2413
1983
1138
458
53
-269
-552
-641
-371
195
729
1008
1061
887
599
470
521
591
692
897
962
589
-58
-676
-1130
-1322
-1177
-863
-630
-353
182
884
1415
1531
1274
807
421
477
954
1011
-102
-1857
-3272
-3944
-3641
-2180
-56
1957
3677
5157
5871
4908
2273
-769
-3073
-4304
-4388
-3309
-1428
601
2147
2821
2538
1411
-78
-1179
-1617
-1735
-1617
-1042
-143
816
1652
2016
1564
447
-680
-1211
-892
-8
904
1643
2153
2324
2110
1356
48
-1163
-1663
-1549
-1024
-160
769
1462
1905
2034
1659
911
66
-603
-698
-197
157
-404
-1670
-2938
-3795
-3830
-2817
-1241
392
2225
4275
5783
5738
3896
1078
-1594
-3416
-4058
-3459
-2012
-364
1113
2328
3020
2830
1703
7
-1503
-2300
-2352
-1786
-743
615
1907
2655
2359
1001
-726
-2190
-2935
-2668
-1644
-577
66
530
1041
1144
243
-1305
-2501
-2892
-2506
-1477
-251
591
1092
1568
1879
1727
973
-218
-1468
-2284
-2145
-1112
-280
-666
-1905
-3028
-3635
-3661
-2894
-1240
1016
3461
5630
6824
6191
3755
852
-1375
-2804
-3454
-3071
-1760
-63
1600
2989
3697
3263
1938
604
-306
-980
-1451
-1492
-957
297
1975
2915
2237
383
-1553
-3076
-4039
-4011
-2984
-1676
-701
1
570
583
-123
-912
-1189
-1024
-646
-33
820
1731
2441
2937
3408
3635
3147
2056
876
-210
-1111
-1355
-730
2
-4
-741
-1764
-2738
-3233
-2685
-1161
759
2677
4092
4184
2566
-225
-3331
-5765
-6691
-6171
-4744
-2756
-572
1275
2552
3125
2604
1261
-78
-1226
-2169
-2358
-1529
-44
1792
3613
4568
3974
2086
-326
-2545
-3979
-4272
-3395
-1796
-170
1093
1864
1913
1210
276
-221
-57
497
1126
1785
2578
3380
3892
4023
3781
3173
2206
953
-194
-801
-727
112
1491
2459
2204
902
-856
-2556
-3504
-3356
-2564
-1379
306
1912
2341
1067
-1360
-3727
-5212
-5739
-5436
-4518
-3235
-1672
35
1492
2054
1493
354
-608
-1120
-1312
-981
99
1706
3579
5250
5749
4403
1700
-1329
-3855
-5109
-4816
-3469
-1658
335
2271
3629
3703
2320
430
-943
-1708
-2075
-1909
-1024
336
1742
2917
3693
3853
3245
2186
1075
132
-272
103
1191
2879
4575
5034
3676
1129
-1694
-4040
-5145
-4551
-2563
178
2876
4802
5631
4824
2183
-1120
-3711
-5366
-6114
-5486
-3620
-1525
-16
841
1212
1043
394
-312
-630
-572
-151
898
2451
3764
3919
2634
433
-1989
-4174
-5693
-5860
-4419
-1946
733
2946
4213
4075
2296
-422
-2689
-3933
-4455
-4099
-2573
-418
1521
2990
3999
4279
3561
2138
847
69
-327
-58
1060
2549
3935
4813
4508
2766
151
-2632
-4784
-5178
-3415
-424
2716
5399
7196
7521
5673
2138
-1429
-4279
-6526
-7547
-6592
-4335
-2184
-653
553
1342
1124
45
-873
-1219
-1448
-1402
-540
727
1628
1816
1138
-409
-2470
-4426
-5522
-5039
-3119
-757
1337
2870
3467
2823
996
-1373
-3286
-4299
-4468
-3615
-1814
180
1629
2305
2381
2166
1648
682
-181
-297
65
427
969
1859
2504
2309
1308
-323
-2444
-4515
-5651
-5256
-3517
-1151
1386
3885
5841
6403
4961
2073
-1053
-3807
-5883
-6675
-5865
-3927
-1637
314
1569
2322
2504
1849
1013
806
795
402
105
426
1044
1294
994
325
-733
-2193
-3467
-3548
-2277
-543
1038
2314
2952
2539
1040
-1005
-2894
-4332
-5114
-4680
-2970
-975
301
824
1109
1351
1231
685
353
539
811
946
973
813
486
15
-593
-1074
-1385
-1894
-2465
-2431
-1672
-492
957
2381
3596
4632
4937
4000
2274
286
-1727
-3104
-3353
-3014
-2581
-1708
-325
1033
2005
2401
2145
1540
1070
837
609
524
826
1181
1142
805
421
-32
-667
-1303
-1311
-352
917
1723
2173
2471
2112
846
-777
-2167
-2892
-2694
-1802
-793
-25
575
1131
1532
1567
1313
1088
1029
1144
1321
1301
918
219
-721
-1803
-2663
-2689
-1813
-880
-503
-304
2
58
-96
188
1221
2730
4077
4450
3658
2258
582
-1242
-2753
-3631
-3889
-3402
-2166
-821
135
904
1363
1112
527
186
-40
-426
-796
-955
-912
-649
-275
29
199
183
25
84
504
1027
1684
2499
2894
2423
1537
983
921
1116
1393
1713
2073
2398
2663
2814
2668
2269
1850
1488
1200
1029
879
278
-1212
-3091
-4295
-4571
-4354
-3647
-2443
-1473
-1188
-1259
-1538
-1991
-2026
-1223
70
1400
2562
3342
3424
2691
1367
-172
-1548
-2479
-2624
-1878
-773
153
885
1537
1830
1491
968
680
194
-735
-1451
-1575
-1509
-1344
-690
293
891
810
399
112
34
14
79
293
577
931
1383
1839
2187
2374
2426
2375
2164
1828
1576
1478
1304
1072
1105
1320
1370
1125
538
-516
-1988
-3412
-4205
-4154
-3436
-2170
-643
347
420
63
-435
-1203
-1797
-1432
-57
1758
3372
4213
3981
2848
1181
-723
-2438
-3443
-3466
-2712
-1773
-1055
-540
-302
-648
-1409
-1852
-1822
-1986
-2500
-2728
-2484
-2141
-1723
-1107
-635
-538
-619
-833
-1268
-1668
-1564
-843
58
656
1012
1471
1944
2178
2248
2262
2214
2212
2341
2377
2178
2020
2108
2305
2401
2329
2017
1322
203
-1116
-2252
-2883
-2890
-2460
-1794
-787
255
473
-306
-1407
-2343
-2830
-2461
-1293
186
1606
2518
2477
1551
136
-1449
-2870
-3692
-3683
-3026
-2156
-1501
-1188
-1107
-1248
-1673
-2085
-2004
-1613
-1446
-1414
-1264
-1223
-1248
-740
249
771
482
-45
-434
-717
-819
-610
-86
706
1561
2315
2857
3074
3025
2808
2471
2144
2051
2158
2160
1995
1990
2268
2538
2587
2439
1974
1018
-184
-1338
-2380
-2912
-2444
-1319
-70
1122
1767
1397
383
-684
-1496
-1579
-748
590
2086
3333
3706
3193
2232
853
-778
-2002
-2474
-2410
-2057
-1571
-1134
-862
-726
-713
-679
-389
-82
-217
-715
-951
-722
-347
156
841
1288
1136
514
-393
-1327
-1882
-1959
-1588
-782
94
675
1074
1320
1099
542
105
-105
-40
334
695
750
715
829
1018
1217
1286
869
-79
-1061
-1757
-2181
-2061
-1207
-73
1042
2324
3320
3175
2200
1219
333
-295
-170
712
1956
3137
3677
3335
2482
1250
-359
-1742
-2467
-2779
-2886
-2761
-2578
-2419
-2082
-1688
-1501
-1355
-1008
-775
-855
-736
-268
112
420
1016
1623
1727
1304
574
-321
-1156
-1541
-1197
-198
929
1678
2097
2341
2189
1646
1095
629
173
-31
50
95
216
625
1057
1243
1266
1023
287
-658
-1396
-1838
-1884
-1307
-309
612
1390
1972
1781
625
-828
-1911
-2355
-2000
-985
251
1418
2098
1890
955
-298
-1619
-2719
-3333
-3552
-3456
-3019
-2575
-2468
-2375
-1909
-1342
-861
-249
370
669
847
1189
1480
1721
2336
3185
3549
3077
2058
974
107
-456
-571
-143
552
1051
1239
1217
826
90
-510
-878
-1330
-1646
-1499
-1218
-1072
-836
-390
91
426
464
90
-537
-1147
-1714
-2108
-1854
-781
467
1246
1552
1385
585
-496
-1232
-1487
-1316
-595
501
1475
1880
1529
671
-329
-1375
-2278
-2713
-2751
-2729
-2816
-3046
-3263
-3111
-2507
-1759
-1003
-77
758
942
666
679
1110
1485
1750
2183
2574
2480
1849
877
-194
-999
-1238
-853
-81
538
763
793
484
-365
-1229
-1544
-1479
-1298
-985
-674
-456
-124
372
844
1275
1623
1531
846
15
-450
-520
-390
32
727
1251
1452
1439
866
-336
-1260
-1336
-999
-465
473
1523
2032
1725
863
-48
-674
-1042
-1244
-1368
-1643
-2095
-2494
-2665
-2419
-1604
-426
666
1489
2097
2399
2277
1972
1817
1811
2019
2645
3299
3257
2482
1578
841
155
-277
-77
592
1114
1087
651
148
-315
-728
-883
-761
-631
-500
-287
-153
-49
373
1103
1670
1850
1782
1464
813
-29
-858
-1521
-1654
-1068
-435
-386
-520
-568
-1181
-2275
-2763
-2497
-2060
-1491
-874
-600
-683
-923
-1225
-1424
-1515
-1661
-1780
-1838
-2031
-2278
-2257
-1911
-1263
-192
1090
2177
2943
3256
2974
2502
2491
2991
3547
3966
4339
4475
3935
2783
1694
1140
1030
1084
1172
1188
935
397
-289
-1030
-1648
-1871
-1714
-1560
-1563
-1509
-1371
-1348
-1308
-880
-73
766
1267
1130
375
-541
-1117
-1338
-1439
-1235
-542
129
293
223
77
-380
-812
-762
-545
-429
-136
251
351
221
32
-178
-361
-653
-1125
-1511
-1770
-2188
-2698
-2814
-2293
-1383
-520
54
426
759
1007
1031
1013
1255
1688
2092
2395
2540
2458
2155
1746
1327
1050
1073
1219
1150
821
461
179
-106
-429
-697
-709
-500
-439
-672
-930
-909
-485
273
1021
1397
1416
1215
681
-141
-802
-1083
-1198
-1216
-1068
-967
-1093
-1133
-991
-1219
-1799
-1906
-1425
-1049
-939
-732
-495
-536
-800
-1027
-1066
-909
-814
-1150
-1824
-2303
-2330
-2119
-1832
-1364
-717
-225
-70
5
220
463
607
846
1243
1573
1852
2180
2291
1953
1460
1116
876
724
692
716
694
549
306
102
81
147
47
-297
-738
-988
-842
-429
26
544
1100
1350
1095
554
44
-351
-662
-937
-1186
-1266
-1107
-1002
-1314
-1803
-1975
-1949
-2054
-2015
-1500
-895
-669
-695
-708
-772
-778
-432
4
75
-86
-228
-488
-821
-968
-914
-708
-329
6
58
17
133
391
668
845
1073
1587
2119
2248
2064
1788
1391
930
661
578
532
447
225
-62
-187
-96
18
2
-196
-512
-751
-821
-836
-766
-361
268
737
978
1134
1161
1020
821
555
319
327
525
672
635
273
-379
-838
-819
-566
-237
218
566
518
198
-14
95
285
202
-26
26
230
186
-55
-334
-596
-657
-585
-667
-757
-623
-534
-770
-1034
-987
-634
-93
417
724
848
856
774
665
580
552
613
676
608
484
551
763
808
615
430
389
406
361
185
28
99
308
431
452
509
645
791
753
425
75
-36
-50
-163
-303
-387
-591
-1028
-1407
-1402
-1108
-883
-808
-694
-395
-20
115
-64
-265
-213
11
284
598
827
884
838
614
184
-128
-146
-10
205
319
106
-219
-297
-81
313
808
1274
1462
1289
971
816
861
893
807
646
598
699
708
415
-8
-244
-312
-300
-243
-182
-100
-99
-347
-702
-847
-746
-593
-481
-515
-659
-683
-679
-797
-897
-978
-1219
-1522
-1662
-1781
-1920
-1839
-1571
-1341
-1192
-978
-597
-228
-223
-450
-409
-81
221
491
958
1574
2024
2068
1731
1425
1468
1533
1284
923
747
710
605
466
493
733
872
720
603
686
733
586
334
69
-105
-71
41
70
10
-139
-335
-489
-611
-726
-640
-289
0
5
-197
-414
-482
-386
-314
-384
-357
-138
55
163
241
213
29
-193
-411
-555
-471
-336
-457
-754
-911
-817
-638
-520
-466
-382
-281
-317
-398
-270
91
533
908
1067
991
944
1010
969
701
348
124
76
148
231
276
295
275
184
52
4
62
104
61
-2
-30
72
266
319
285
382
560
581
446
433
674
1029
1186
1080
934
833
723
577
370
168
142
174
18
-126
-116
-182
-417
-727
-1097
-1439
-1590
-1791
-2098
-2157
-2076
-2080
-2140
-2241
-2337
-2355
-2257
-2046
-1822
-1672
-1320
-630
-89
73
290
684
895
1034
1219
1289
1467
1680
1643
1635
1912
2195
2190
1974
1647
1323
1156
964
626
529
768
863
685
474
283
31
-239
-364
-333
-165
117
354
428
365
304
411
564
468
213
2
-74
-83
-169
-170
-119
-227
-501
-830
-993
-985
-997
-1080
-1201
-1247
-1073
-930
-1112
-1285
-1267
-1379
-1639
-1701
-1544
-1309
-723
-172
-105
242
833
1072
1328
1713
1744
1456
1404
1516
1554
1807
2173
2336
2361
2252
1895
1467
1038
653
298
2
135
256
130
125
103
-75
-424
-727
-1011
-990
-423
-128
-32
261
522
586
520
587
602
555
522
481
569
631
721
821
658
391
179
-190
-513
-567
-631
-638
-519
-613
-1034
-1255
-1215
-1536
-1790
-1783
-2012
-1979
-1567
-1441
-1277
-747
-502
-391
93
270
-61
79
462
169
74
692
937
1017
1489
1517
1184
1190
1120
621
183
442
660
266
233
278
8
-137
-302
-497
-654
-337
-50
-314
-2
349
178
362
637
473
141
254
298
-35
82
337
378
240
12
-109
-407
-638
-754
-960
-1112
-1058
-903
-1142
-1261
-904
-962
-1424
-1592
-1692
-1655
-1116
-821
-876
-776
-512
-477
-535
172
472
250
661
734
481
626
1279
1657
1628
2140
2106
1690
1856
1845
1452
1190
1391
1094
699
1028
1009
852
660
199
-298
-545
-81
76
-39
92
-135
-305
-470
-589
-586
-741
-683
-921
-1337
-1159
-743
-647
-781
-693
-772
-1274
-1430
-1234
-1467
-1484
-1071
-1291
-1373
-865
-535
-719
-854
-756
-1220
-988
-370
-382
13
225
234
181
281
489
235
568
535
32
-77
-139
440
651
693
1096
976
986
703
362
469
165
-43
-186
-245
-74
-50
344
52
-849
-630
-385
-671
-424
168
295
66
186
211
-94
117
312
-73
-190
-207
-205
182
459
567
444
231
-103
-470
-356
-320
-351
-497
-742
-695
-713
-519
-196
-322
-949
-1044
-569
-930
-1075
-412
-251
-464
-343
-166
-367
-120
334
-156
-493
-446
-628
-304
-4
368
840
674
768
667
573
713
527
578
89
353
810
212
839
962
72
168
560
294
175
1120
1205
999
1654
1257
540
1065
1218
329
637
725
93
804
873
331
510
770
42
-587
211
-171
-660
-351
-750
-775
-777
-754
-990
-1143
-843
-1079
-1103
-1055
-714
-599
-632
-59
-167
-105
200
409
314
206
488
-288
-8
715
299
554
897
1037
664
690
729
175
538
111
-231
335
321
172
62
69
-406
-548
-563
-1063
-585
-169
-150
193
202
-72
314
310
-584
-311
-281
-1061
-879
-209
-285
-848
-198
-536
-1339
-507
-1050
-1415
-779
-966
-1018
-690
-89
-410
-575
-7
-439
-355
59
-57
227
758
1177
1306
1178
1313
1989
1796
1371
1730
1398
1076
1297
1468
1104
1258
1985
1032
792
1369
620
59
-61
-170
-530
-288
-148
-614
-501
-667
-751
-1028
-1125
-872
-917
-500
-303
141
-1
55
939
419
318
458
27
-79
371
492
-136
552
617
-97
-40
-152
-418
-949
-832
-1173
-1265
-505
-842
-952
-969
-985
-885
-1151
-1271
-940
-549
-733
-264
-165
-335
369
797
788
450
950
650
53
815
439
417
969
755
733
1012
1021
479
506
501
-82
-104
501
237
-199
384
-59
-317
-124
-498
-422
-218
492
257
76
796
242
335
830
-11
-401
501
120
-698
159
48
-373
-412
-622
-824
-1261
-1139
-1964
-1893
-1397
-2252
-1539
-1725
-2339
-1760
-1882
-2063
-2238
-1703
-1663
-1716
-625
-661
-786
162
548
280
1192
1395
678
1321
1467
1376
908
1576
2158
995
2542
2093
1096
2404
1091
802
905
968
988
68
983
248
-111
424
-935
-919
-534
-495
-535
-445
-194
-364
347
23
-733
41
-269
-1298
-525
-127
-929
-344
-283
-907
-625
-489
-1043
-1790
-790
-1335
-2043
-412
-1384
-1253
-505
-1225
-920
-1059
-570
-1481
-1006
265
-972
85
168
305
1221
1176
1718
788
1639
1475
353
1349
979
1357
1361
1366
1736
1584
1983
966
997
874
361
592
-257
262
370
-131
-174
-447
-624
-1181
-708
-864
-1049
-563
-537
-305
-89
839
32
-40
633
-178
489
-131
335
645
158
990
8
979
416
-223
539
-805
156
-126
-417
-246
-184
243
-1012
-262
-944
-1219
-449
-1013
-1222
-1087
18
-1290
18
836
-599
800
-8
225
-113
98
510
-748
1035
257
458
1132
396
1107
269
601
503
608
637
271
1142
348
434
355
-170
381
554
307
246
988
702
651
1320
1116
576
1091
1235
4
994
1031
209
942
472
743
231
-96
584
-489
-194
-275
-580
-417
-1243
-108
-723
-1408
-265
-1491
-1557
-1035
-953
-1264
-1429
-291
-1198
-781
238
-418
-52
280
385
-296
185
779
-270
682
1203
246
949
1191
533
761
871
950
194
592
1137
-323
977
787
-576
232
-173
-227
-543
-24
-123
-831
266
-204
-404
-28
-85
-236
-635
-340
-73
-463
-666
176
-200
-859
-28
66
-1111
-249
464
-1670
-274
591
-1098
-260
517
-233
-1197
422
-414
-1505
880
-596
-1149
502
-58
-360
545
461
204
941
68
-9
814
232
-451
784
791
-811
1213
703
-715
1104
632
-837
-277
898
-881
-258
887
-1169
-75
-264
-1241
-438
-288
-707
-1181
109
-644
-1020
680
-769
-606
666
-1025
-765
286
-524
-717
144
49
-1042
482
239
-1554
563
234
-1477
-371
464
-447
-506
931
-148
-810
195
-153
-1106
-315
728
-869
-796
436
-78
-664
140
539
-735
293
333
-933
121
359
-655
-921
205
-294
-679
379
-285
-275
124
-433
-536
37
195
-269
-225
-151
-171
-238
-442
-355
197
89
-543
19
572
57
203
744
-19
110
611
-176
-103
684
633
-390
338
706
-285
405
80
-261
-121
-158
-320
-657
781
238
-731
172
10
-448
-390
143
-229
-78
468
-254
239
980
579
433
891
660
397
829
631
719
1137
913
589
796
1025
815
774
842
902
566
304
755
712
534
646
127
155
291
-271
-14
9
-149
-358
-566
-20
-367
-285
-206
-484
-202
-696
-527
-581
-627
-194
-711
-726
-518
-376
-575
-647
-75
-120
-625
-577
30
-42
50
-36
-309
-32
-174
-64
-401
31
465
-422
-208
284
911
505
240
1267
582
426
961
503
440
975
899
-55
569
1568
553
396
1482
904
125
577
739
393
517
901
-221
-374
917
29
-559
451
509
-550
-504
323
-23
82
300
-53
-105
118
155
-449
26
448
-383
-623
-436
-290
-218
-260
-394
-305
-227
-638
-786
-84
41
-909
-524
-459
-1132
-414
-362
-687
-637
-438
-745
-1241
-100
-46
-449
227
-61
-178
162
92
20
453
531
23
157
460
489
600
779
552
692
680
308
1075
924
628
897
345
231
213
399
167
235
586
-264
0
251
68
181
51
136
-343
-309
-269
-361
-20
-29
-208
-601
-168
-244
-642
-393
-527
-418
-720
-649
-449
-415
-170
-598
-356
-378
-632
-524
-662
-507
-492
-286
-443
-450
56
59
-11
92
404
103
-93
181
220
255
146
292
204
248
370
63
244
376
246
190
270
139
41
188
44
-33
-72
-110
-363
-351
-56
-100
-60
-209
-71
-127
-465
-165
39
-287
-532
-17
-280
-751
-154
-209
-593
-400
-197
-756
-788
-279
-560
-392
-341
-585
-538
-612
-555
-479
-336
-589
-720
-443
-576
-372
144
-25
-221
150
80
-131
123
261
63
-50
175
-119
-288
143
172
48
76
107
-159
-234
98
54
-1
79
-317
-582
-170
-101
-422
-182
-50
-539
-501
-39
-160
-16
380
93
-101
277
488
246
488
933
532
335
573
438
570
833
587
367
374
344
343
517
484
291
241
-78
-136
93
-102
-187
-178
-474
-683
-468
-416
-560
-248
-236
-481
-272
-281
-358
-14
128
-93
-269
-249
-169
-43
126
48
53
171
21
171
573
632
424
311
311
292
320
251
202
258
184
143
244
200
288
515
284
156
379
247
61
265
392
210
147
65
-61
103
95
-80
-173
-153
-81
-179
6
201
-40
-116
-21
-88
-174
-79
-103
-284
-156
-77
-138
-33
123
255
306
494
586
565
668
647
710
640
449
570
697
706
677
579
347
287
474
320
225
433
250
71
256
164
23
81
-185
-406
-193
-116
-387
-404
-197
-361
-416
-202
-388
-483
-318
-488
-586
-474
-486
-540
-408
-180
-314
-533
-565
-579
-457
-211
-115
-160
6
55
-14
134
269
242
-34
14
196
114
291
284
283
527
631
695
681
791
786
655
507
238
323
536
541
574
750
612
196
290
420
329
414
329
98
-42
-91
-119
-206
-347
-480
-512
-646
-729
-545
-567
-652
-447
-330
-456
-325
53
7
-14
231
103
33
309
424
429
541
228
-249
-185
-38
-30
-123
-214
-315
-470
-516
-615
-557
-597
-680
-682
-941
-796
-495
-665
-859
-415
-69
-459
-309
58
11
65
24
-282
-378
-20
75
61
223
190
22
-138
-115
-99
64
68
-163
-114
-270
-340
-289
-396
-308
-181
-172
-98
106
99
291
639
531
515
671
660
618
817
680
260
348
214
5
66
-15
-265
-660
-793
-995
-1029
-843
-1009
-869
-655
-648
-676
-744
-544
-328
-314
-399
-388
-302
-91
59
-29
198
268
-156
-363
-69
-74
-623
-546
-370
-490
-98
266
362
567
796
801
709
717
752
868
971
1037
1109
1061
699
310
258
135
-84
-200
-190
-155
-184
16
110
16
78
135
258
320
272
261
167
198
320
220
85
-50
-119
-120
-358
-520
-609
-659
-558
-583
-547
-507
-405
-342
-371
-70
120
170
253
296
459
589
730
850
943
1068
991
587
268
326
282
112
74
210
204
-5
155
454
554
662
920
1031
824
723
691
453
281
365
162
-151
-256
-592
-798
-771
-589
-416
-358
-145
-74
199
346
24
90
421
607
677
826
890
707
508
417
282
128
263
132
-89
-131
-396
-519
-565
-501
-392
-267
-162
-326
-259
-197
-122
206
383
434
441
484
403
308
306
184
55
-152
-352
-413
-387
-396
-595
-718
-556
-412
-441
-57
593
711
660
832
769
441
247
70
-182
-275
-414
-657
-734
-745
-758
-743
-609
-321
-40
152
179
310
562
611
585
713
1046
1172
981
728
415
104
-260
-452
-519
-580
-590
-881
-1248
-1480
-1562
-1474
-1277
-1031
-892
-733
-565
-462
-453
-278
24
235
430
247
38
-46
-200
-182
-229
-147
79
159
-1
-176
51
75
-269
-290
-5
242
545
860
980
1082
1212
1201
964
582
114
-273
-515
-857
-1146
-1199
-1090
-1097
-1121
-1026
-1128
-970
-451
-91
36
157
362
262
25
150
528
618
332
47
-289
-665
-857
-962
-1144
-1081
-838
-839
-894
-1034
-1114
-1002
-827
-528
-278
136
608
870
961
752
538
555
632
571
483
344
60
-133
-256
-281
-51
393
374
-101
-136
-50
-204
-296
-121
112
229
492
762
987
1210
1407
1325
917
651
195
-228
-301
-531
-897
-1129
-1061
-861
-489
-200
-220
41
458
522
414
673
885
620
400
353
328
205
69
-185
-553
-714
-962
-1061
-902
-814
-675
-655
-720
-723
-554
-163
268
731
931
787
604
553
634
597
478
499
575
468
74
-381
-618
-632
-460
-139
222
555
727
673
414
87
-9
108
175
86
35
-5
-182
-109
281
717
1070
1226
1106
557
-194
-778
-960
-901
-850
-598
-173
157
82
-155
-231
-151
309
808
988
871
816
796
228
-236
-218
-115
-32
-202
-568
-860
-897
-867
-712
-153
339
562
679
525
201
199
458
576
587
609
698
781
648
346
76
-13
156
278
129
-80
-179
-79
3
-31
67
410
793
687
136
-281
-297
-200
-397
-618
-590
-571
-622
-483
-190
230
822
1183
1091
645
192
-142
-544
-827
-986
-889
-531
-297
-141
-32
69
326
623
609
491
658
729
468
32
-364
-474
-354
-266
-400
-491
-371
-284
-115
201
483
770
1036
1042
753
533
500
385
139
-75
-176
-212
-141
-86
-84
-11
26
86
19
-196
-270
-249
-152
-113
-8
386
780
1083
1215
1171
922
416
137
-15
-377
-794
-997
-946
-937
-688
85
954
1509
1784
1822
1539
1173
566
-291
-793
-987
-1104
-1068
-932
-848
-798
-742
-859
-966
-911
-765
-475
-139
38
-110
-329
-460
-493
-467
-569
-542
-353
-143
78
340
714
957
917
584
160
-133
-403
-672
-759
-610
-415
-229
-191
-345
-409
-431
-444
-370
-229
13
172
141
118
65
-152
-235
98
470
464
466
495
52
-582
-1038
-1274
-1469
-1695
-1655
-1485
-1289
-867
-89
788
1367
1810
1957
1519
730
-201
-1174
-1899
-2193
-2267
-2008
-1436
-979
-646
-284
-65
-21
174
427
535
685
900
1014
980
897
817
761
739
683
599
537
565
740
964
1128
1099
843
460
-63
-655
-1012
-1075
-1108
-1001
-701
-449
-252
-112
-46
-23
44
18
-204
-371
-471
-425
-281
-279
-211
33
352
468
418
507
283
-363
-820
-818
-742
-719
-451
-224
-159
40
516
1109
1735
2326
2584
2580
2227
1441
463
-522
-1298
-1823
-1918
-1606
-1077
-450
135
601
710
677
639
505
523
673
702
417
167
232
392
555
562
438
168
-212
-343
-203
36
228
372
464
340
124
-68
-258
-347
-287
-139
42
188
325
439
341
132
-13
-199
-440
-518
-437
-471
-612
-627
-490
-326
-176
-74
-134
-507
-1178
-1742
-1857
-1780
-1722
-1401
-867
-501
-248
246
898
1482
2068
2426
2361
2056
1429
432
-541
-1241
-1777
-2046
-1735
-1116
-558
40
614
948
1097
1200
1130
930
752
472
102
-203
-262
-137
-9
75
56
-38
-224
-414
-440
-290
-93
120
314
405
433
421
492
520
410
293
91
-100
-298
-490
-600
-671
-594
-504
-531
-538
-514
-587
-810
-902
-702
-548
-591
-586
-577
-849
-1346
-1719
-1749
-1571
-1350
-1083
-758
-385
